MTS,OPEN,CLOSE,HIGH,LOW,VOLUME
2017-11-18,7674.1,7707.8,7800.0,7412.0,28855.8666444
2017-11-17,7867.3,7675.9,8040.0,7505.0,75935.9773638
2017-11-16,7263.5,7865.2,8020.0,7091.0,85873.809906
2017-11-15,6590.0,7265.84095228,7319.0,6589.9,71616.0268328
2017-11-14,6476.6,6590.0,6689.5,6301.0,49482.7602905
2017-11-13,5810.0,6476.5,6682.0,5780.0,110443.623095
2017-11-12,6299.0,5810.7,6469.6,5400.2,172712.47106
2017-11-11,6545.0,6302.7,6789.0,6163.2,72841.28595
2017-11-10,7126.4,6541.2,7324.0,6405.0,88416.4731123
2017-11-09,7446.0,7126.4,7450.0,7000.0,50139.5231339
2017-11-08,7102.1,7446.1,7899.9,6977.4,97303.1750445
2017-11-07,6955.2,7102.0,7220.0,6948.0,37539.6243454
2017-11-06,7365.6,6956.5,7440.0,6911.0,63265.4919518
2017-11-05,7370.0,7366.7,7598.0,7272.0,46299.9549481
2017-11-04,7132.0,7369.9,7530.0,6930.1,48598.072071
2017-11-03,7018.8,7132.0,7448.0,6917.0,62939.2144172
2017-11-02,6739.2,7018.8,7350.0,6707.3,97337.2007221
2017-11-01,6455.0,6739.6,6739.9,6344.5,57203.7873418
2017-10-31,6127.9,6455.1,6481.5,6082.5,38821.1091936
2017-10-30,6150.0,6130.0,6239.0,6006.2,33217.4046398
2017-10-29,5719.7,6150.0,6345.0,5660.0,61967.8268333
2017-10-28,5759.8,5720.3,5864.0,5632.0,26663.0715901
2017-10-27,5889.9,5759.7,6020.0,5681.0,39712.7337607
2017-10-26,5724.2,5890.0,5966.6,5667.5,42724.2810085
2017-10-25,5510.0,5724.1,5746.9,5365.3,44825.3490982
2017-10-24,5907.3,5510.0,5907.3,5457.4,64024.8670318
2017-10-23,5982.4,5907.3,6055.0,5621.0,67056.9535128
2017-10-22,6005.9,5981.3,6075.0,5705.0,50572.7652631
2017-10-21,5983.7,6005.1,6199.9,5862.8,53487.9877601
2017-10-20,5694.1,5983.8,6088.4,5603.3,61777.2959267
2017-10-19,5568.1,5694.2,5744.0,5505.5,38038.5692978
2017-10-18,5597.2,5567.0,5597.9,5114.0,69045.8705217
2017-10-17,5764.7,5597.1,5779.0,5511.0,31906.1499733
2017-10-16,5712.1,5764.8,5810.0,5570.0,31410.4342721
2017-10-15,5834.9,5713.9,5877.0,5450.0,57475.7397744
2017-10-14,5636.8,5833.5,5857.4,5564.3,36810.9851856
2017-10-13,5440.0,5636.8,5920.0,5369.4,99110.6245318
2017-10-12,4824.9,5440.0,5445.0,4815.0,79502.8549329
2017-10-11,4777.1,4824.9,4881.4,4715.0,28908.1259726
2017-10-10,4782.3,4777.7,4940.0,4716.4,42701.3734559
2017-10-09,4611.8,4782.3,4879.8,4551.0,48928.0976913
2017-10-08,4435.9,4611.9,4632.4,4416.3,29834.384898
2017-10-07,4370.0,4435.6,4505.0,4309.0,17423.8859888
2017-10-06,4311.9,4370.0,4425.8,4282.2,25931.8980211
2017-10-05,4215.9,4312.0,4372.3,4133.0,25368.4149816
2017-10-04,4309.6,4215.9,4359.2,4174.3,26370.9590043
2017-10-03,4400.2,4310.6,4439.9,4210.1,28542.1568072
2017-10-02,4404.3,4400.2,4482.0,4359.0,29071.3448318
2017-10-01,4367.1,4404.3,4424.0,4248.6,29229.5596396
2017-09-30,4167.6,4367.1,4397.0,4160.0,31498.7700967
2017-09-29,4190.0,4168.0,4245.0,4024.4,38941.7664309
2017-09-28,4207.5,4190.0,4269.0,4120.0,36575.2820788
2017-09-27,3881.7,4209.7,4229.5,3876.7,48624.8692072
2017-09-26,3930.0,3881.5,3985.0,3838.0,21401.2152091
2017-09-25,3654.4,3930.1,3977.0,3653.7,40157.8623059
2017-09-24,3779.3,3654.7,3783.0,3615.5,20883.2940018
2017-09-23,3597.9,3779.6,3808.7,3555.0,25640.0929713
2017-09-22,3600.0,3602.3,3748.0,3490.0,49235.1114745
2017-09-21,3874.8,3596.7,3905.0,3560.0,56944.211721
2017-09-20,3892.6,3872.4,4049.0,3829.0,33241.557709
2017-09-19,4084.3,3892.2,4114.0,3836.2,47749.5833881
2017-09-18,3666.9,4084.4,4119.0,3666.9,58978.6928537
2017-09-17,3679.6,3666.6,3782.0,3465.1,37038.5366951
2017-09-16,3697.0,3681.5,3875.0,3511.1,70752.1286808
2017-09-15,3235.4,3697.1,3809.0,2980.4,183116.68153
2017-09-14,3849.7,3235.3,3917.2,3204.7,127510.723806
2017-09-13,4149.4,3849.7,4160.0,3731.7,71503.2276207
2017-09-12,4200.5,4149.4,4379.0,4050.0,40047.8270795
2017-09-11,4233.5,4198.7,4383.2,4123.0,30897.4209088
2017-09-10,4315.4,4233.9,4330.0,3974.1,45876.5327649
2017-09-09,4304.1,4315.9,4395.2,4151.0,31108.5726618
2017-09-08,4613.6,4304.0,4694.9,4105.0,60942.9023748
2017-09-07,4592.6,4613.7,4675.0,4455.1,23131.9297349
2017-09-06,4375.0,4595.8,4633.7,4352.4,38993.8933535
2017-09-05,4207.5,4375.0,4471.0,3900.1,57726.3395608
2017-09-04,4598.0,4205.0,4611.6,4052.0,59087.3764857
2017-09-03,4534.3,4598.5,4699.9,4331.0,33548.7886313
2017-09-02,4909.2,4532.3,4970.0,4400.1,54967.1988722
2017-09-01,4718.2,4907.7,4936.9,4660.0,28785.2541594
2017-08-31,4568.0,4718.3,4749.9,4566.9,18467.6995832
2017-08-30,4587.1,4568.0,4643.0,4481.0,17065.1009064
2017-08-29,4385.2,4587.1,4648.8,4325.1,32703.0825272
2017-08-28,4333.8,4385.1,4395.5,4175.0,21224.2466751
2017-08-27,4341.5,4332.8,4406.7,4304.4,11162.9261559
2017-08-26,4351.4,4340.4,4364.0,4240.7,14795.7722542
2017-08-25,4322.1,4351.5,4464.2,4250.0,27756.9884853
2017-08-24,4130.8,4322.1,4381.0,4089.9,22041.1187112
2017-08-23,4083.9,4130.2,4255.2,4045.0,27484.3773638
2017-08-22,3997.6,4081.9,4141.9,3599.0,61727.7950062
2017-08-21,4059.6,3998.2,4094.7,3951.0,26586.2190727
2017-08-20,4145.1,4063.1,4199.9,3975.1,25124.9456383
2017-08-19,4090.1,4145.0,4187.0,3907.0,41765.2743971
2017-08-18,4262.9,4090.1,4360.0,3954.0,46806.5702353
2017-08-17,4386.3,4263.0,4492.3,4152.0,40307.037203
2017-08-16,4151.9,4386.4,4405.0,3925.1,35292.3092464
2017-08-15,4321.0,4151.8,4430.0,3832.5,64111.0344799
2017-08-14,4061.0,4320.8,4330.3,3951.0,34185.6306068
2017-08-13,3865.7,4061.6,4190.0,3834.2,48212.9947193
2017-08-12,3642.4,3866.2,3970.1,3589.5,37660.6403351
2017-08-11,3404.9,3643.4,3695.0,3380.0,26420.3818855
2017-08-10,3340.3,3405.0,3447.0,3310.0,19129.999387
2017-08-09,3415.0,3340.4,3430.0,3235.1,26260.3120425
2017-08-08,3395.9,3415.0,3483.8,3340.0,31720.312647
2017-08-07,3232.0,3396.0,3440.0,3190.0,24533.4366355
2017-08-06,3252.3,3232.1,3315.5,3155.8,16949.8741187
2017-08-05,2860.0,3252.3,3339.5,2853.3,50558.2408461
2017-08-04,2790.4,2860.0,2876.0,2762.1,18994.7210011
2017-08-03,2702.2,2790.3,2820.0,2698.0,16855.0377002
2017-08-02,2731.9,2702.0,2758.0,2610.0,23762.2173434
2017-08-01,2854.1,2731.3,2902.2,2604.0,42307.8091984
2017-07-31,2748.2,2854.3,2883.5,2694.4,27572.2010831
2017-07-30,2713.3,2748.2,2760.0,2582.9,34957.0596045
2017-07-29,2784.9,2713.1,2794.2,2662.0,24269.7937794
2017-07-28,2664.6,2784.8,2820.0,2655.5,40535.1679334
2017-07-27,2527.73811996,2664.6,2682.2,2511.0,31351.538025
2017-07-26,2560.9,2527.73811996,2612.0,2404.0,34182.4917878
2017-07-25,2769.7,2560.9,2790.1,2417.0,56100.3838389
2017-07-24,2749.2,2769.7,2812.0,2707.1,20704.1780864
2017-07-23,2844.7,2750.1,2877.5,2655.0,35184.9821247
2017-07-22,2659.7,2844.7,2917.0,2642.8,35233.4896349
2017-07-21,2874.4,2659.0,2890.0,2615.0,57421.3348421
2017-07-20,2253.3,2865.1,2922.0,2253.3,83576.7012079
2017-07-19,2300.4,2253.4,2400.0,2213.9,35723.0873498
2017-07-18,2220.0,2302.8,2380.2,2139.0,44173.7143771
2017-07-17,1925.0,2220.0,2223.5,1923.2,40491.9740214
2017-07-16,1978.5,1925.0,2051.1,1826.2,53021.7093733
2017-07-15,2206.5,1978.6,2210.1,1975.1,41756.1033406
2017-07-14,2330.1,2206.5,2345.6,2138.0,27737.4051114
2017-07-13,2374.2,2330.1,2400.0,2293.1,18420.2530335
2017-07-12,2285.5,2375.6,2397.0,2190.0,21670.2604844
2017-07-11,2318.3,2283.8,2375.0,2182.0,33052.1904417
2017-07-10,2480.5,2318.3,2499.9,2236.6,28087.9980543
2017-07-09,2542.0,2477.9,2555.7,2470.8,7783.15800355
2017-07-08,2479.4,2542.0,2542.6,2436.1,9695.56666625
2017-07-07,2592.9,2479.3,2598.8,2447.0,17684.0187603
2017-07-06,2598.5,2593.2,2607.1,2546.0,9831.80500857
2017-07-05,2579.9,2598.6,2619.0,2477.9,13534.2209013
2017-07-04,2525.7,2579.9,2628.6,2511.0,15748.2677549
2017-07-03,2445.1,2524.0,2587.4,2416.2,16140.0267228
2017-07-02,2346.1,2445.1,2476.3,2302.0,12034.3884685
2017-07-01,2420.6,2346.2,2441.0,2291.0,15078.9635179
2017-06-30,2472.3,2420.6,2511.1,2404.0,10401.1029353
2017-06-29,2518.5,2472.4,2537.8,2424.0,12961.9523678
2017-06-28,2521.2,2518.2,2566.8,2403.2,21827.313647
2017-06-27,2393.5,2521.2,2524.0,2207.8,33486.1823372
2017-06-26,2483.0,2393.6,2510.4,2258.7,36367.6957576
2017-06-25,2504.9,2483.3,2595.0,2368.3,18137.882004
2017-06-24,2673.1,2502.6,2700.0,2452.86920686,16770.8454523
2017-06-23,2672.8,2674.9,2726.0,2652.0,8139.41274551
2017-06-22,2621.9,2672.8,2709.0,2554.8,15181.549108
2017-06-21,2713.6,2624.4,2760.0,2572.3,24534.6422595
2017-06-20,2582.0,2714.5,2780.0,2568.2,20548.8791691
2017-06-19,2491.5,2582.0,2593.9,2480.0,13719.3025036
2017-06-18,2610.0,2491.4,2640.0,2420.0,19988.1566622
2017-06-17,2437.5,2610.1,2636.9,2368.1,16637.6175426
2017-06-16,2378.7,2437.5,2487.0,2257.8,22402.3879285
2017-06-15,2393.3,2377.5,2455.0,2046.0,55839.1279937
2017-06-14,2677.1,2394.3,2722.42278245,2280.0,34717.7738397
2017-06-13,2569.0,2677.1,2730.0,2528.1,23172.0588839
2017-06-12,2938.8,2569.6,2962.2,2284.4,48340.9476884
2017-06-11,2810.6,2941.8,3003.0,2793.4,19034.136815
2017-06-10,2809.0,2806.0,2890.5,2711.1,16167.3157251
2017-06-09,2783.2,2809.0,2849.8,2763.9,9521.11676705
2017-06-08,2644.1,2781.5,2789.5,2527.0,16977.8160889
2017-06-07,2844.7,2644.0,2850.0,2600.1,22094.3985271
2017-06-06,2636.7,2844.6,2899.7,2620.0,42687.66879
2017-06-05,2488.2,2636.9,2649.5,2480.0,15390.9031847
2017-06-04,2461.6,2488.2,2498.0,2365.0,11880.3834204
2017-06-03,2404.7,2461.0,2481.2,2347.6,10767.9819059
2017-06-02,2311.9,2405.9,2408.0,2262.8,12549.6432315
2017-06-01,2191.60075499,2312.0,2368.2,2187.3,18959.5129337
2017-05-31,2146.8,2191.8,2241.0,2000.0,21235.8053828
2017-05-30,2207.0,2146.7,2265.0,2080.1,21448.6334951
2017-05-29,2056.8,2207.4,2249.8,1990.0,16457.5019613
2017-05-28,1979.9,2056.9,2194.4,1950.0,25758.3887119
2017-05-27,2126.0,1980.2,2210.8,1810.0,47142.4121128
2017-05-26,2268.2,2125.9,2477.0,2007.0,39695.5480357
2017-05-25,2395.5,2268.1,2690.0,2141.1,55155.587714
2017-05-24,2249.2,2395.5,2444.9,2246.1,29621.027843
2017-05-23,2087.3,2249.6,2264.2,2060.0,22521.5591381
2017-05-22,2027.0,2087.3,2222.2,1978.0,57242.1145968
2017-05-21,2059.3,2026.6,2099.1,2000.1,17221.8786751
2017-05-20,1966.5,2059.3,2072.2,1962.9,21690.0223932
2017-05-19,1941.9,1966.5,2000.0,1925.0,23001.5427726
2017-05-18,1870.0,1941.5,1954.6,1861.0,12907.3144424
2017-05-17,1785.4,1870.0,1894.0,1766.3,15843.5286657
2017-05-16,1772.0,1786.2,1795.1,1728.0,9553.87684399
2017-05-15,1827.3,1772.0,1830.4,1719.0,15744.1261952
2017-05-14,1820.6,1827.3,1852.4,1775.2,11331.5493949
2017-05-13,1733.7,1819.5,1825.0,1666.0,16604.1258002
2017-05-12,1855.0,1735.0,1864.8,1700.2,21397.5975242
2017-05-11,1796.1,1853.9,1908.1,1763.6,24389.6949419
2017-05-10,1760.0,1796.9,1817.4,1722.3,18622.8484456
2017-05-09,1703.4,1760.0,1815.0,1695.1,31202.8104868
2017-05-08,1620.0,1703.5,1715.0,1618.9,19909.4718559
2017-05-07,1597.0,1619.9,1632.5,1575.1,13909.0467755
2017-05-06,1545.0,1597.0,1605.1,1540.1,14017.3669
2017-05-05,1607.2,1545.1,1665.9,1505.0,32641.0270464
2017-05-04,1619.6,1607.1,1702.0,1519.0,31487.733946
2017-05-03,1560.0,1619.0,1627.0,1541.9,17068.49028
2017-05-02,1533.0,1558.5,1604.6,1473.0,16733.9475974
2017-05-01,1435.3,1533.0,1560.0,1432.0,22304.3877605
2017-04-30,1425.4,1435.0,1443.7,1400.1,8518.9989198
2017-04-29,1415.9,1423.6,1439.5,1400.1,8767.24728441
2017-04-28,1440.5,1415.6,1447.0,1366.0,14015.4395094
2017-04-27,1399.3,1440.3,1449.7,1392.5,10395.0229219
2017-04-26,1372.1,1400.0,1411.7,1362.3,11805.3850043
2017-04-25,1345.0,1371.1,1378.5,1342.1,8274.25031814
2017-04-24,1355.3,1345.0,1359.6,1325.0,7914.95740395
2017-04-23,1345.4,1355.2,1359.0,1336.0,7747.28495256
2017-04-22,1327.0,1346.4,1354.9,1290.0,12373.8102049
2017-04-21,1308.5,1327.0,1333.1,1307.0,7996.0628207
2017-04-20,1260.5,1308.5,1326.9,1259.9,15619.6529429
2017-04-19,1265.2,1260.5,1272.0,1254.3,7585.47446029
2017-04-18,1240.0,1265.4,1274.8,1237.0,16135.9472093
2017-04-17,1212.5,1240.0,1247.0,1202.0,15156.7622115
2017-04-16,1194.0,1212.0,1217.6,1190.1,4501.30140112
2017-04-15,1206.7,1193.3,1215.0,1190.0,9146.27230828
2017-04-14,1189.2,1206.8,1219.2,1184.0,12312.6693266
2017-04-13,1227.4,1186.9,1235.3,1163.3,19137.280504
2017-04-12,1236.0,1227.4,1244.3,1221.0,12009.3682237
2017-04-11,1220.2,1235.6,1244.7,1209.1,9556.43937579
2017-04-10,1216.3,1220.3,1229.9,1208.0,11550.7684401
2017-04-09,1188.1,1215.9,1226.9,1179.4,16311.4410083
2017-04-08,1196.4,1188.1,1202.9,1171.0,11020.4610027
2017-04-07,1191.5,1196.6,1209.0,1176.7,20436.9067835
2017-04-06,1140.5,1191.5,1206.4,1140.3,32172.3977499
2017-04-05,1145.7,1140.4,1146.7,1111.2,22550.2432796
2017-04-04,1150.2,1145.8,1165.6,1124.0,21160.722922
2017-04-03,1107.6,1150.1,1159.9,1107.5,30421.8775209
2017-04-02,1093.3,1107.5,1118.2,1080.9,20419.5834499
2017-04-01,1081.3,1093.5,1106.9,1070.0,16999.2779878
2017-03-31,1041.2,1081.5,1089.4,1035.0,27501.3077321
2017-03-30,1041.7,1041.2,1053.5,1021.2,24804.7574417
2017-03-29,1044.3,1041.8,1059.0,1008.5,22321.1913768
2017-03-28,1042.8,1044.7,1068.9,1016.2,25249.2877769
2017-03-27,969.0,1042.7,1046.9,960.1,31918.3455325
2017-03-26,972.17,968.9,1006.0,950.1,33261.2371701
2017-03-25,942.14,972.17,981.0,888.2,46012.431924
2017-03-24,1032.7,942.13,1034.6,928.0,43525.1162335
2017-03-23,1039.3,1032.7,1055.0,1018.0,19321.7370522
2017-03-22,1115.7,1039.1,1116.0,985.55,41325.1195286
2017-03-21,1040.5,1115.9,1122.3,1039.0,33405.3452008
2017-03-20,1016.1,1040.5,1054.2,1011.0,20542.7619702
2017-03-19,971.63,1016.5,1059.0,969.4,40547.8001734
2017-03-18,1067.8,971.51,1097.9,935.11,87862.7376
2017-03-17,1169.1,1070.4,1169.8,1065.0,59231.7153709
2017-03-16,1257.1,1168.6,1259.7,1132.5,51470.951834
2017-03-15,1244.4,1256.2,1263.9,1241.0,15839.6247415
2017-03-14,1238.5,1245.0,1258.8,1218.9,17971.7632411
2017-03-13,1224.4,1238.5,1247.3,1206.7,23066.9979559
2017-03-12,1172.5,1224.4,1232.7,1166.8,18976.8181757
2017-03-11,1113.0,1172.4,1196.6,1101.2,31258.1893225
2017-03-10,1190.3,1115.4,1339.9,958.5,104909.771706
2017-03-09,1149.4,1190.4,1207.6,1136.0,24142.6986456
2017-03-08,1232.3,1150.0,1243.6,1142.1,46839.6462674
2017-03-07,1279.3,1232.4,1282.0,1185.0,42010.7734578
2017-03-06,1278.5,1279.2,1287.8,1268.0,9601.0336208
2017-03-05,1267.0,1278.4,1279.9,1245.0,9315.37985801
2017-03-04,1289.2,1267.8,1291.9,1240.0,15548.9897331
2017-03-03,1258.5,1289.2,1294.9,1256.0,22291.0417464
2017-03-02,1233.7,1258.0,1285.9,1212.0,30567.995759
2017-03-01,1189.1,1233.2,1236.4,1186.0,22515.1437392
2017-02-28,1195.7,1189.1,1216.0,1176.6,17472.5765479
2017-02-27,1178.7,1195.5,1204.0,1170.0,11761.4628949
2017-02-26,1153.0,1178.3,1186.1,1130.7,11081.0464165
2017-02-25,1185.4,1153.0,1189.9,1131.3,16284.7020836
2017-02-24,1189.5,1185.4,1222.4,1110.0,48194.7342884
2017-02-23,1125.6,1189.8,1197.0,1116.5,26155.64695
2017-02-22,1130.1,1125.5,1140.0,1106.4,14325.964649
2017-02-21,1091.8,1129.6,1134.0,1085.0,24501.7230105
2017-02-20,1056.3,1091.2,1110.0,1040.1,13291.405985
2017-02-19,1059.1,1056.2,1066.0,1045.0,6437.65012328
2017-02-18,1056.9,1059.7,1071.1,1053.1,7148.61940527
2017-02-17,1037.2,1056.2,1067.4,1033.1,16170.4896515
2017-02-16,1013.9,1038.5,1045.8,1013.9,11260.0458423
2017-02-15,1013.4,1013.9,1018.2,1002.3,5612.05335299
2017-02-14,996.52,1013.3,1019.0,988.6,12201.4165902
2017-02-13,996.0,996.5,1004.8,974.22,9050.85229559
2017-02-12,1000.0,996.01,1005.8,992.33,4334.14418189
2017-02-11,992.02,1000.1,1009.0,984.01,9333.99287
2017-02-10,984.97,992.0,1002.0,949.36,24479.8864294
2017-02-09,1049.0,984.97,1078.0,936.34,59960.0800876
2017-02-08,1052.5,1048.8,1070.0,1006.5,23087.431815
2017-02-07,1022.8,1052.1,1056.4,1021.7,15185.9733808
2017-02-06,1007.0,1022.6,1026.3,1006.0,8898.68443426
2017-02-05,1030.9,1006.6,1033.0,995.1,16188.3222071
2017-02-04,1015.8,1031.1,1040.0,1001.6,17193.3583043
2017-02-03,1007.0,1015.7,1020.5,986.11,18970.0029197
2017-02-02,983.75,1007.0,1010.6,970.1,17790.5587691
2017-02-01,966.2,983.73,985.0,960.1,11349.8624265
2017-01-31,917.35,966.19,969.4,916.75,19636.0516497
2017-01-30,912.56,917.35,920.89,910.01,3459.90937732
2017-01-29,919.48,912.55,922.99,910.72,2700.81599478
2017-01-28,916.98,919.43,923.99,915.01,3614.96133848
2017-01-27,915.1,916.7,922.16,905.0,10140.8997787
2017-01-26,893.9,915.12,917.64,893.49,9821.49759912
2017-01-25,886.45,893.35,899.61,884.2,10476.7311703
2017-01-24,908.36,886.1,927.34,884.2,20709.8354672
2017-01-23,923.72,908.52,928.87,905.99,9766.87832709
2017-01-22,924.3,923.72,939.9,892.0,21843.9627959
2017-01-21,896.14,924.02,931.01,893.89,12173.6185189
2017-01-20,901.56,895.74,904.99,883.06,9494.96378276
2017-01-19,887.49,900.29,910.03,883.49,15082.0972895
2017-01-18,903.99,887.46,913.85,847.23,21304.1073996
2017-01-17,830.0,903.99,910.8,828.0,27345.226564
2017-01-16,821.16,830.1,837.97,813.94,7652.41647063
2017-01-15,816.7,820.74,823.0,805.03,5392.39823595
2017-01-14,827.22,815.3,838.54,800.03,12532.9180159
2017-01-13,804.58,828.12,832.39,775.61,25872.9606262
2017-01-12,779.54,804.58,831.18,735.0,35912.5332049
2017-01-11,905.76,779.54,923.66,760.0,62866.9394012
2017-01-10,903.01,905.76,918.0,895.48,12138.6220523
2017-01-09,915.9,903.0,916.7,875.0,16587.3436889
2017-01-08,908.03,915.9,943.6,890.0,30742.5954325
2017-01-07,898.2,908.0,911.09,815.0,40602.9982571
2017-01-06,1003.8,898.5,1025.0,871.0,57405.1450472
2017-01-05,1138.3,1003.2,1166.0,850.79,91204.8248665
2017-01-04,1037.6,1139.6,1150.0,1036.4,53728.8387676
2017-01-03,1019.6,1037.5,1040.0,1013.5,14107.9557139
2017-01-02,999.0,1019.3,1035.0,994.1,21808.634505
2017-01-01,966.61,998.99,1006.5,961.26,13441.1489755
2016-12-31,959.19,966.58,968.2,945.01,7156.02771718
2016-12-30,973.41,959.26,974.32,929.5,19356.9587426
2016-12-29,981.7,974.74,983.0,945.0,22557.8630825
2016-12-28,936.42,981.7,983.0,935.93,20822.7664217
2016-12-27,906.37,936.43,940.0,903.51,9187.2716467
2016-12-26,898.0,906.4,920.0,894.21,11822.1568063
2016-12-25,895.31,898.0,904.55,858.62,12044.6331933
2016-12-24,917.29,895.24,919.99,882.41,7388.14310165
2016-12-23,859.0,918.99,920.0,859.0,26032.6640387
2016-12-22,829.33,859.2,874.0,825.0,15249.7644032
2016-12-21,797.99,829.34,830.5,794.95,16218.6405102
2016-12-20,790.59,797.99,802.33,787.86,6992.55928622
2016-12-19,790.18,790.59,792.27,787.75,2153.17342051
2016-12-18,790.99,790.21,792.8,784.36,2432.0011579
2016-12-17,784.17,790.99,793.0,782.93,6201.33773511
2016-12-16,777.78,784.17,785.06,775.85,4774.94217575
2016-12-15,774.5,777.43,780.12,774.5,3184.82202996
2016-12-14,775.0,774.49,781.16,771.15,3680.69569057
2016-12-13,777.99,775.0,788.87,762.89,5581.84400278
2016-12-12,770.21,777.99,785.0,770.21,6758.33976156
2016-12-11,773.01,770.21,773.73,761.84,4144.9434301
2016-12-10,770.5,772.9,777.77,769.99,3364.77600041
2016-12-09,765.01,770.5,772.72,765.0,3651.76507059
2016-12-08,765.02,765.01,773.2,762.66,4751.01944947
2016-12-07,757.18,765.01,774.92,746.16,10694.9544168
2016-12-06,750.85,757.36,758.5,750.44,5279.31102049
2016-12-05,768.5,750.62,769.0,744.59,10067.8722019
2016-12-04,765.98,768.5,769.99,758.82,4202.67589499
2016-12-03,774.87,765.46,774.87,755.98,5730.44318638
2016-12-02,755.42,774.88,779.21,755.15,13415.189943
2016-12-01,739.0,755.36,756.0,738.8,13400.3128641
2016-11-30,731.06,739.0,743.14,728.98,5529.65195159
2016-11-29,731.52,731.05,734.89,728.68,5649.69631816
2016-11-28,724.99,731.52,734.99,724.99,4139.05898631
2016-11-27,731.27,724.9,736.19,722.5,3495.31780063
2016-11-26,739.77,731.19,740.99,720.0,4490.18685577
2016-11-25,737.67,740.36,741.12,730.0,4062.25913716
2016-11-24,741.99,737.61,744.32,727.61,6069.21753303
2016-11-23,749.85,742.0,750.91,730.79,5581.25749339
2016-11-22,739.0,749.85,753.91,733.25,9485.31653992
2016-11-21,729.68,738.99,740.6,728.08,7200.7851153
2016-11-20,752.17,729.67,757.0,711.16,13912.6238054
2016-11-19,753.91,752.9,759.99,740.0,6044.662876
2016-11-18,740.01,753.97,759.89,734.5,6962.71085661
2016-11-17,744.98,740.67,763.85,735.0,14889.3087469
2016-11-16,712.0,744.98,747.49,710.0,17948.5067143
2016-11-15,707.44,712.17,720.05,707.4,7936.33043228
2016-11-14,703.61,707.43,709.91,698.76,6011.54651731
2016-11-13,703.56,703.64,706.47,687.6,8691.96006393
2016-11-12,716.61,703.57,716.99,700.1,5914.20699191
2016-11-11,714.87,716.22,719.37,712.03,4914.19872949
2016-11-10,723.37,714.87,725.0,709.13,4457.54406507
2016-11-09,711.98,724.54,743.06,708.5,15100.0995733
2016-11-08,705.42,711.99,717.99,703.0,9870.58000188
2016-11-07,713.8,705.55,713.8,700.02,3788.61245453
2016-11-06,709.14,713.95,721.61,700.01,7163.32896867
2016-11-05,708.15,708.89,713.88,700.82,6022.25996563
2016-11-04,692.66,707.62,710.9,686.42,14558.2856555
2016-11-03,751.1,692.51,754.66,676.0,28203.1650261
2016-11-02,734.6,750.85,751.47,723.59,9392.42912698
2016-11-01,701.01,734.6,746.55,701.01,22309.5425613
2016-10-31,702.57,701.02,709.0,687.6,8567.85971694
2016-10-30,714.74,702.55,716.66,696.96,12196.4548124
2016-10-29,693.32,714.51,724.0,691.42,15281.3597846
2016-10-28,688.29,693.47,695.34,681.08,10104.6272574
2016-10-27,678.7,688.67,690.92,676.69,12929.474087
2016-10-26,659.49,678.7,685.84,658.46,11694.7207574
2016-10-25,654.35,659.52,670.0,652.6,5525.77069839
2016-10-24,658.36,654.65,659.41,654.01,5695.45023816
2016-10-23,664.99,659.03,671.4,656.04,5729.98352418
2016-10-22,635.91,664.99,672.2,635.06,10094.5849819
2016-10-21,632.46,636.73,639.0,632.0,7218.71238716
2016-10-20,631.56,632.46,633.61,628.0,3336.85339327
2016-10-19,638.69,631.77,644.0,627.84,8991.46184485
2016-10-18,639.71,638.68,641.98,632.93,6087.91173668
2016-10-17,644.17,639.79,644.56,637.58,5018.0317722
2016-10-16,640.42,644.18,645.8,639.82,2389.29065568
2016-10-15,642.74,640.2,645.69,637.91,2402.26242554
2016-10-14,637.01,643.0,645.4,636.72,6637.09071324
2016-10-13,637.62,637.01,644.29,636.38,5009.93379241
2016-10-12,642.0,637.63,644.07,636.91,3854.24778624
2016-10-11,618.87,641.87,646.86,618.06,12434.7475691
2016-10-10,616.55,618.87,620.0,615.91,3178.06655812
2016-10-09,620.7,616.56,620.91,614.01,2735.93897282
2016-10-08,619.99,620.5,622.87,617.91,3113.2366971
2016-10-07,613.95,620.13,621.71,613.0,4853.35465297
2016-10-06,614.3,613.51,615.9,612.68,3075.05759652
2016-10-05,610.71,614.09,617.28,610.0,3411.1070412
2016-10-04,612.68,610.98,614.11,609.63,4006.4969625
2016-10-03,608.98,612.67,618.0,608.91,3284.72217779
2016-10-02,614.08,609.09,614.21,575.0,4967.64168069
2016-10-01,611.1,614.09,616.87,611.1,1900.06005168
2016-09-30,604.6,611.1,613.27,603.99,2363.90769959
2016-09-29,604.01,604.6,607.96,603.04,3144.33070204
2016-09-28,605.5,603.76,605.77,603.07,2052.84259047
2016-09-27,608.94,605.53,609.91,602.01,3196.8005667
2016-09-26,600.24,609.14,610.1,599.86,3113.73087306
2016-09-25,603.01,600.36,603.99,597.3,1385.71804476
2016-09-24,603.28,602.55,606.0,601.0,943.40330697
2016-09-23,597.08,603.29,603.99,595.95,1957.41100837
2016-09-22,597.43,597.08,598.7,595.92,2333.42531112
2016-09-21,600.13,597.43,601.18,591.0,7658.45169444
2016-09-20,609.79,600.14,612.01,600.01,3414.85985074
2016-09-19,613.03,609.79,615.05,608.6,2956.96640014
2016-09-18,607.98,613.03,616.34,607.18,2932.95793227
2016-09-17,610.0,607.69,610.75,604.96,3566.49931965
2016-09-16,611.81,610.01,614.22,609.54,3703.33212784
2016-09-15,613.88,611.81,617.93,611.0,4374.86124848
2016-09-14,614.25,613.88,617.38,612.01,5932.2014428
2016-09-13,611.64,614.23,640.0,610.0,7273.90802996
2016-09-12,612.08,611.62,615.21,608.01,4972.78278704
2016-09-11,628.0,612.08,635.0,595.36,9640.78154317
2016-09-10,626.36,628.0,629.65,624.68,4044.14425778
2016-09-09,631.73,626.25,633.81,621.24,4272.0667237
2016-09-08,619.95,631.73,636.16,617.12,8271.43993824
2016-09-07,615.3,619.75,620.85,610.83,5526.08815432
2016-09-06,612.24,615.23,617.53,609.7,3089.90030138
2016-09-05,614.51,611.5,615.68,603.84,5077.20791116
2016-09-04,610.0,614.52,618.65,601.83,5061.10388377
2016-09-03,579.85,609.89,615.0,576.04,8205.25257421
2016-09-02,572.73,579.85,581.23,570.61,5670.91686647
2016-09-01,576.27,572.73,577.98,571.43,3616.49453131
2016-08-31,579.37,576.15,579.52,572.02,3511.25386186
2016-08-30,574.75,579.49,580.28,574.07,3195.79981424
2016-08-29,574.26,574.78,578.1,573.01,2800.79053777
2016-08-28,568.45,574.17,574.54,568.18,1518.12951235
2016-08-27,578.09,568.55,578.99,567.23,2258.285485
2016-08-26,576.89,578.02,579.51,575.06,1769.10070238
2016-08-25,580.23,577.2,581.14,574.01,3571.55271552
2016-08-24,583.55,580.32,586.91,580.0,5052.56705987
2016-08-23,588.01,583.54,590.69,581.1,4803.80673527
2016-08-22,581.5,588.01,589.99,581.28,4623.22707838
2016-08-21,582.01,581.42,584.27,580.0,2425.60721087
2016-08-20,573.61,582.1,582.75,571.25,3326.81486245
2016-08-19,572.33,573.51,577.25,570.82,2942.51726681
2016-08-18,571.95,572.21,578.75,569.71,6000.6229885
2016-08-17,574.23,571.83,578.5,569.0,5033.03121331
2016-08-16,564.55,574.17,579.0,564.0,6221.58467139
2016-08-15,569.65,564.64,575.75,562.99,7650.16951653
2016-08-14,583.73,569.41,583.75,564.0,7530.30904219
2016-08-13,585.5,583.73,590.02,582.0,6420.32283696
2016-08-12,591.26,585.5,593.0,584.0,6287.98760026
2016-08-11,590.5,591.27,599.75,584.59,15295.5624281
2016-08-10,579.0,590.28,614.5,579.0,21352.1111185
2016-08-02,608.24,604.1,615.29,595.0,33013.9623375
2016-08-01,622.83,608.29,627.35,605.01,31426.51603
2016-07-31,654.99,622.83,655.17,621.25,33255.804679
2016-07-30,658.32,654.99,660.46,647.79,8090.96048464
2016-07-29,656.52,658.34,660.49,654.54,9227.87150603
2016-07-28,655.5,655.93,659.67,652.52,8880.20242111
2016-07-27,648.1,655.51,662.78,646.44,13286.8644006
2016-07-26,653.91,648.47,657.61,640.56,20359.8092716
2016-07-25,661.73,654.17,664.41,646.22,14838.3411047
2016-07-24,654.9,661.82,664.15,650.52,14018.7856541
2016-07-23,648.11,654.03,657.13,644.97,10004.5471687
2016-07-22,665.01,648.04,668.0,639.41,27841.9231127
2016-07-21,665.91,665.01,668.0,654.97,10702.0055967
2016-07-20,675.3,665.85,676.0,661.0,12852.4691121
2016-07-19,674.31,675.0,678.59,665.0,10947.2977349
2016-07-18,683.18,674.3,686.74,666.02,18078.6636251
2016-07-17,665.33,683.2,689.96,663.61,20414.443628
2016-07-16,665.5,665.33,669.65,659.12,5924.14414477
2016-07-15,660.18,665.5,669.95,658.11,9472.16958394
2016-07-14,653.61,659.78,667.5,649.89,20197.9307713
2016-07-13,667.07,653.7,669.87,652.51,17511.7915983
2016-07-12,648.19,667.19,679.9,645.45,30215.611421
2016-07-11,649.08,647.95,662.6,643.4,13920.792178
2016-07-10,648.12,649.72,651.47,636.09,10274.8647221
2016-07-09,664.42,648.11,664.43,620.0,46883.1586784
2016-07-08,640.33,664.8,666.66,633.75,32848.4892648
2016-07-07,677.35,640.51,682.0,610.1,75728.026676
2016-07-06,667.77,677.04,682.9,666.71,15922.7377049
2016-07-05,681.35,667.8,682.7,655.3,17404.8609863
2016-07-04,659.33,681.34,684.44,644.46,23524.4181546
2016-07-03,705.99,659.29,706.98,644.1,44643.7466386
2016-07-02,675.04,705.99,706.0,673.36,29202.5184462
2016-07-01,674.57,674.75,690.62,667.61,41619.5632906
2016-06-30,640.29,674.74,677.47,635.57,40248.0235075
2016-06-29,646.22,640.0,646.25,621.58,33257.9731991
2016-06-28,662.28,646.61,664.26,631.65,35578.3873074
2016-06-27,627.75,662.33,662.33,616.07,46177.3671531
2016-06-26,664.38,627.42,668.01,614.33,45122.5197124
2016-06-25,665.99,664.87,698.0,640.11,55625.8121891
2016-06-24,625.8,665.5,679.99,625.79,92367.9234868
2016-06-23,605.87,625.8,639.0,555.56,122951.196343
2016-06-22,669.0,605.85,688.32,588.88,100527.243388
2016-06-21,742.98,668.6,742.98,635.37,102133.434818
2016-06-20,767.31,743.9,767.77,721.0,46264.5357556
2016-06-19,757.63,767.3,775.0,739.0,26699.5309959
2016-06-18,747.7,757.6,789.78,720.0,66955.0889191
2016-06-17,769.46,747.95,780.0,702.01,97376.6511268
2016-06-16,698.0,769.5,779.0,697.31,123792.10327
2016-06-15,684.5,696.99,699.4,667.89,34104.0515539
2016-06-14,705.87,684.5,705.88,656.51,65715.5700168
2016-06-13,671.98,705.87,719.0,658.0,117683.176155
2016-06-12,614.51,672.0,685.0,601.34,116432.040331
2016-06-11,580.08,614.51,615.0,579.29,28441.7039068
2016-06-10,575.52,580.09,582.43,572.5,16178.0423942
2016-06-09,583.26,575.52,584.05,569.97,21873.8924211
2016-06-08,577.23,583.05,585.15,570.62,18084.1761621
2016-06-07,585.59,576.88,592.08,561.3,36112.7530344
2016-06-06,574.01,585.34,588.6,573.93,27464.294823
2016-06-05,573.08,574.02,586.47,564.64,28143.3010819
2016-06-04,570.82,572.87,593.89,560.1,39118.5241387
2016-06-03,538.9,570.87,579.94,535.65,48446.2917652
2016-06-02,536.91,538.8,544.0,532.37,16882.3688808
2016-06-01,530.69,536.79,546.12,523.75,27816.5585714
2016-05-31,533.14,530.69,546.5,518.0,49880.6118595
2016-05-30,529.97,532.89,548.5,521.11,32596.6757237
2016-05-29,527.0,531.0,570.0,512.11,83566.1345341
2016-05-28,472.01,526.02,543.0,471.0,74521.6329089
2016-05-27,453.58,472.01,482.31,453.58,59125.7898883
2016-05-26,449.09,453.95,454.8,446.01,9517.72213888
2016-05-25,445.0,449.09,450.51,442.5,12353.3923892
2016-05-24,443.53,445.03,447.85,442.39,8329.83371693
2016-05-23,437.4,443.51,444.4,436.51,7873.12727328
2016-05-22,440.88,437.48,441.0,435.1,7236.70601603
2016-05-21,441.57,440.81,442.16,435.3,6222.70927555
2016-05-20,434.99,441.57,443.14,433.0,14241.0157445
2016-05-19,453.52,434.55,454.71,433.0,30396.8125585
2016-05-18,452.71,453.52,457.0,451.53,7162.25703935
2016-05-17,453.0,453.24,454.91,451.0,7609.40911039
2016-05-16,457.95,453.01,458.95,451.0,8789.98783701
2016-05-15,455.8,457.89,460.67,454.31,5644.05214261
2016-05-14,455.75,455.8,458.86,454.0,3608.80902935
2016-05-13,455.0,455.76,457.66,452.0,7127.41790473
2016-05-12,452.28,455.01,456.75,445.91,18088.0116039
2016-05-11,450.7,452.28,454.68,450.01,8033.34446997
2016-05-10,461.23,450.7,465.0,445.01,22571.9390879
2016-05-09,459.88,461.56,465.4,457.8,15120.9467619
2016-05-08,460.34,459.87,461.62,456.04,6454.8718905
2016-05-07,461.36,460.2,463.05,458.3,7810.85492375
2016-05-06,448.32,461.18,466.0,448.0,26539.5196095
2016-05-05,447.22,448.4,451.68,445.51,10788.7269654
2016-05-04,450.21,447.38,450.98,445.07,7045.36356892
2016-05-03,443.99,450.39,452.0,440.1,12157.5720856
2016-05-02,451.12,443.73,452.5,436.0,29738.7340579
2016-05-01,446.79,451.11,452.99,445.69,3901.33894349
2016-04-30,455.33,446.6,455.98,445.01,10583.3700618
2016-04-29,450.52,455.32,457.49,445.8,13419.0298735
2016-04-28,445.14,450.46,450.83,435.0,25328.1470528
2016-04-27,468.14,444.85,470.17,443.0,40283.2248107
2016-04-26,461.77,468.14,471.99,461.77,18688.0035584
2016-04-25,463.33,461.77,471.58,455.0,25926.4859588
2016-04-24,453.41,463.02,464.99,450.18,24137.2266338
2016-04-23,447.79,453.69,454.95,445.67,10158.0887422
2016-04-22,452.01,447.8,453.15,444.51,12208.124217
2016-04-21,443.82,452.26,454.5,442.01,17836.1281487
2016-04-20,437.81,443.85,446.61,436.6,21245.4699757
2016-04-19,430.04,437.76,439.0,428.54,12049.7631653
2016-04-18,428.51,430.03,430.91,426.52,7577.09982227
2016-04-17,432.52,428.51,433.49,426.37,8483.81721252
2016-04-16,431.06,432.04,435.67,430.47,7705.23014106
2016-04-15,426.01,431.48,432.49,426.01,15836.3444329
2016-04-14,424.77,426.01,426.49,424.01,4132.51666239
2016-04-13,426.78,424.75,427.68,423.0,6666.45445863
2016-04-12,423.75,426.59,430.0,423.56,14772.7050722
2016-04-11,421.32,423.74,423.9,418.8,6404.8393151
2016-04-10,418.48,421.32,422.9,417.49,4248.0217564
2016-04-09,418.23,418.47,418.76,412.0,6326.97349855
2016-04-08,422.29,418.5,424.49,415.5,9847.57852609
2016-04-07,422.52,422.28,422.86,417.78,7727.14024559
2016-04-06,423.75,422.57,424.68,421.69,5680.19307306
2016-04-05,420.46,423.75,425.0,419.61,7261.82082675
2016-04-04,420.99,420.46,421.2,416.24,5751.29314238
2016-04-03,420.31,420.6,421.82,416.0,4254.11994825
2016-04-02,417.89,420.3,422.8,417.53,6070.78823934
2016-04-01,416.34,417.9,417.9,414.0,5456.76943887
2016-03-31,413.04,416.02,418.25,413.04,7268.31765999
2016-03-30,415.87,413.12,416.0,408.58,9037.93067535
2016-03-29,424.03,416.0,426.41,406.51,23306.7306002
2016-03-28,427.34,424.06,427.99,422.38,9241.01649983
2016-03-27,416.72,427.36,431.0,415.79,22410.7568962
2016-03-26,416.02,416.71,419.4,413.2,5039.73935942
2016-03-25,415.3,416.0,417.03,413.03,3690.24588063
2016-03-24,418.12,415.3,418.13,414.0,7559.67108636
2016-03-23,417.7,418.12,419.72,415.83,7195.02123423
2016-03-22,411.85,417.7,418.68,409.88,10196.1058122
2016-03-21,410.81,411.88,412.14,406.0,7818.38780842
2016-03-20,408.7,411.25,413.2,407.92,5655.4961424
2016-03-19,407.5,408.68,412.0,404.0,8954.99064014
2016-03-18,418.71,407.86,418.86,403.01,21090.8603561
2016-03-17,417.28,418.75,420.6,416.67,8308.82137835
2016-03-16,415.52,417.28,418.0,413.96,7066.70644692
2016-03-15,415.99,415.5,418.82,412.78,9632.10565438
2016-03-14,412.0,415.91,417.99,411.7,9210.4322585
2016-03-13,410.01,411.87,416.0,410.0,7628.34253444
2016-03-12,420.49,410.01,421.81,406.38,17020.4255446
2016-03-11,416.64,420.47,423.6,415.5,15464.7786427
2016-03-10,412.9,416.51,418.24,410.68,13709.0829207
2016-03-09,411.34,413.05,414.5,407.47,9027.75321888
2016-03-08,412.62,411.35,416.0,406.0,10227.455512
2016-03-07,403.77,412.7,415.8,401.51,15306.2213303
2016-03-06,397.37,403.75,409.5,392.01,19707.20472
2016-03-05,408.71,397.36,410.14,389.0,46951.8516014
2016-03-04,420.19,408.82,423.99,407.5,21749.4198559
2016-03-03,421.7,420.56,424.43,416.4,20874.0514007
2016-03-02,434.99,422.09,436.45,421.11,16463.1291526
2016-03-01,439.53,434.82,442.79,427.26,19625.8327754
2016-02-29,434.46,438.99,445.0,430.51,20389.4604616
2016-02-28,434.03,434.45,437.89,422.1,19852.2710985
2016-02-27,435.49,434.3,438.6,431.81,11592.3533682
2016-02-26,424.89,435.49,435.9,419.83,18860.3418935
2016-02-25,426.36,424.88,430.0,419.5,13595.7603085
2016-02-24,421.5,426.36,427.5,409.69,22426.1089972
2016-02-23,440.25,421.4,442.67,416.24,32431.1430751
2016-02-22,440.49,440.27,442.5,433.01,16337.4664399
2016-02-21,438.73,440.49,451.6,428.01,43012.3640973
2016-02-20,419.72,438.7,445.96,419.72,47477.1820124
2016-02-19,421.51,419.85,422.54,412.0,13268.5562468
2016-02-18,414.89,421.5,426.21,412.51,25228.6344294
2016-02-17,407.37,414.88,421.9,405.16,30400.7648936
2016-02-16,400.08,407.27,408.77,398.66,13991.0567774
2016-02-15,408.3,399.9,412.5,395.23,30129.6851933
2016-02-14,392.99,408.3,408.66,392.93,29423.6760944
2016-02-13,382.94,393.0,393.0,382.55,14755.5376559
2016-02-12,378.0,382.94,383.53,377.04,10146.8358454
2016-02-11,380.97,377.99,383.23,372.25,14521.3280198
2016-02-10,374.43,381.17,387.0,373.13,33532.2458582
2016-02-09,370.29,374.31,377.96,370.04,9216.51889923
2016-02-08,372.26,370.49,377.0,369.01,16881.2055217
2016-02-07,373.71,372.01,377.8,369.17,13056.0623937
2016-02-06,386.54,373.75,386.54,365.0,40202.1338467
2016-02-05,389.98,386.54,393.0,384.19,16879.2358687
2016-02-04,369.0,389.96,393.89,368.65,37339.9192622
2016-02-03,372.9,368.98,374.0,365.65,13195.1501968
2016-02-02,371.22,372.9,374.8,369.69,10443.4621386
2016-02-01,365.58,371.42,379.27,363.23,24797.1967585
2016-01-31,376.31,365.52,378.9,362.57,14887.7786903
2016-01-30,377.4,376.56,380.6,374.0,10501.9479782
2016-01-29,378.15,377.6,386.0,360.03,62204.8110291
2016-01-28,394.7,378.39,395.48,375.01,25024.0811381
2016-01-27,391.23,394.97,396.99,389.66,8538.43203569
2016-01-26,390.91,391.41,398.0,386.66,13322.8704292
2016-01-25,402.76,390.96,402.77,384.0,22664.6396721
2016-01-24,385.55,402.77,407.33,385.1,23219.9278373
2016-01-23,381.0,385.57,394.81,379.85,21470.918503
2016-01-22,411.0,380.96,411.2,371.25,62213.9195627
2016-01-21,419.65,411.01,424.57,405.0,29020.2464756
2016-01-20,378.94,419.55,428.0,375.01,82802.5015289
2016-01-19,387.04,378.93,388.61,377.41,17187.6360388
2016-01-18,382.11,387.1,390.0,375.01,19469.0440437
2016-01-17,388.43,382.02,393.31,378.76,20715.0043007
2016-01-16,359.16,388.4,392.5,352.5,74062.2601931
2016-01-15,429.27,359.16,429.43,357.02,123890.27072
2016-01-14,431.09,429.25,435.0,426.0,13304.5377862
2016-01-13,431.99,431.11,436.36,416.0,33154.9077133
2016-01-12,449.26,432.04,449.98,427.01,20739.2880792
2016-01-11,449.34,449.26,452.49,443.42,14814.6119199
2016-01-10,449.23,449.35,450.26,441.01,13778.2559666
2016-01-09,454.0,449.23,456.01,447.07,8950.47934716
2016-01-08,458.41,454.0,465.0,446.55,29967.953087
2016-01-07,428.2,458.78,462.0,427.11,55448.6234845
2016-01-06,431.99,428.89,432.24,425.03,9440.11476438
2016-01-05,432.61,431.84,434.91,427.91,11172.0038173
2016-01-04,428.63,432.9,435.67,426.97,12950.3820325
2016-01-03,432.66,428.39,433.07,421.73,19201.8333632
2016-01-02,433.89,432.7,435.8,430.0,6347.95293087
2016-01-01,429.17,433.98,436.49,426.26,13077.6689081
2015-12-31,423.51,429.02,432.59,412.5,21403.6592821
2015-12-30,431.77,423.55,434.0,420.0,22247.5964583
2015-12-29,420.11,431.79,433.55,418.01,22073.5631997
2015-12-28,421.82,420.24,429.0,417.01,24284.3300766
2015-12-27,416.35,422.32,424.89,407.0,27798.8155107
2015-12-26,455.3,416.51,460.05,405.5,96491.8801717
2015-12-25,456.02,455.47,460.0,445.0,15176.7280263
2015-12-24,442.62,456.13,459.1,442.45,19865.7383194
2015-12-23,435.05,442.62,445.76,433.62,16464.7867775
2015-12-22,437.81,435.65,443.64,433.0,18516.1208485
2015-12-21,442.62,437.52,447.45,424.37,43203.8050522
2015-12-20,462.45,442.62,462.78,431.5,46323.1655262
2015-12-19,463.51,462.44,467.0,452.0,21223.5797221
2015-12-18,455.71,463.52,466.6,450.1,27050.4515448
2015-12-17,454.94,455.57,458.56,446.21,17868.8555859
2015-12-16,466.43,454.94,469.99,440.0,67047.0154023
2015-12-15,442.55,466.01,467.29,442.51,41307.221142
2015-12-14,432.91,442.59,450.0,427.3,27298.3671313
2015-12-13,435.61,433.36,443.92,415.24,33630.9154141
2015-12-12,456.32,435.61,475.04,402.5,104706.951044
2015-12-11,414.88,457.0,458.99,414.8,75656.5304333
2015-12-10,418.86,414.94,421.82,411.09,21325.4436757
2015-12-09,422.0,418.73,426.59,405.0,52055.3207085
2015-12-08,397.0,422.0,422.39,388.37,33197.6232291
2015-12-07,390.88,396.7,404.24,384.53,33608.0116661
2015-12-06,390.01,390.6,407.57,386.01,60599.924664
2015-12-05,363.04,389.79,395.0,362.08,46142.295401
2015-12-04,360.62,363.17,364.4,354.31,14651.487496
2015-12-03,359.12,360.53,371.5,352.25,27383.7998961
2015-12-02,362.59,359.12,363.22,346.13,31554.7711215
2015-12-01,376.89,362.59,379.99,353.1,44101.917478
2015-11-30,373.84,376.88,384.99,368.11,47495.8553784
2015-11-29,358.54,373.89,376.0,355.17,25800.6895178
2015-11-28,359.0,358.6,362.44,351.0,19427.6777884
2015-11-27,354.0,358.9,367.0,348.18,34902.8588615
2015-11-26,329.85,354.0,369.9,329.35,81494.1298064
2015-11-25,320.49,329.85,332.43,316.02,20618.1656995
2015-11-24,323.65,320.1,323.77,315.55,9618.01049005
2015-11-23,324.66,323.63,327.5,320.9,7775.67515741
2015-11-22,327.84,324.66,327.85,320.36,7051.90999034
2015-11-21,322.29,327.84,329.35,318.95,10478.8557162
2015-11-20,326.49,322.2,326.77,309.46,30160.0102475
2015-11-19,335.83,326.5,336.57,324.02,18932.5528605
2015-11-18,336.29,335.94,338.99,327.91,15625.5383197
2015-11-17,332.16,336.29,342.5,331.05,27167.9770199
2015-11-16,320.8,332.1,335.0,315.2,25747.0142364
2015-11-15,333.39,320.52,336.6,315.0,31597.1678629
2015-11-14,338.54,333.37,340.72,328.5,20324.6267693
2015-11-13,336.86,338.53,343.75,326.22,29935.6302297
2015-11-12,314.45,336.84,346.44,314.14,57236.7552054
2015-11-11,340.18,314.45,343.79,300.28,117018.931486
2015-11-10,381.1,340.18,383.4,327.02,88482.2856964
2015-11-09,374.52,381.1,388.99,360.0,38111.9548491
2015-11-08,384.28,374.1,390.33,365.56,30831.923011
2015-11-07,375.56,384.99,392.23,371.32,34416.7134629
2015-11-06,387.93,375.56,396.78,351.2,106656.205296
2015-11-05,409.23,387.14,449.95,370.0,157932.047983
2015-11-04,404.98,409.24,504.0,366.66,274470.238234
2015-11-03,365.08,405.0,423.88,361.11,171811.474233
2015-11-02,330.23,365.33,373.12,326.8,71218.1479877
2015-11-01,316.0,330.23,333.49,313.6,25673.0870176
2015-10-31,328.2,316.0,335.87,307.2,42942.3117878
2015-10-30,314.23,328.19,336.0,313.82,62862.2379376
2015-10-29,304.5,314.88,321.53,301.5,51213.8433123
2015-10-28,295.29,304.5,307.99,295.29,35610.6397049
2015-10-27,287.22,295.29,298.86,286.71,26822.8422907
2015-10-26,284.7,287.22,287.92,282.25,17157.5562752
2015-10-25,284.19,284.79,295.99,281.2,40017.6507969
2015-10-24,279.04,284.19,284.47,279.0,13934.5865672
2015-10-23,275.83,279.21,280.9,275.15,15857.5633378
2015-10-22,267.99,275.83,279.97,267.3,27240.7695845
2015-10-21,270.99,267.8,272.28,264.1,10617.4462959
2015-10-20,265.02,270.97,273.97,264.39,14439.6440851
2015-10-19,265.29,265.1,268.28,262.35,10903.419169
2015-10-18,272.9,265.01,274.66,263.3,15347.1930916
2015-10-17,263.47,272.9,275.19,258.32,42840.6676771
2015-10-16,255.19,263.45,267.83,254.91,21966.8422781
2015-10-15,253.5,255.19,257.5,253.44,10462.8704923
2015-10-14,251.08,253.5,255.95,250.1,10143.2669366
2015-10-13,246.15,251.25,253.43,244.0,16746.3196923
2015-10-12,247.92,246.17,248.45,245.21,5203.50998203
2015-10-11,245.93,247.99,248.73,243.75,4868.94170189
2015-10-10,244.93,246.01,246.41,243.5,4196.52667741
2015-10-09,242.99,244.82,245.45,242.63,3572.48926215
2015-10-08,244.0,243.0,245.65,242.62,6046.70528354
2015-10-07,247.35,244.0,247.93,243.5,8806.62652877
2015-10-06,242.01,247.36,249.01,241.51,16277.3495449
2015-10-05,239.47,242.0,242.89,236.24,12198.9370203
2015-10-04,239.73,239.5,240.93,239.29,2081.94241537
2015-10-03,237.84,239.79,241.11,237.68,6221.0973625
2015-10-02,238.25,237.86,240.0,237.33,5607.98936459
2015-10-01,236.72,238.48,240.09,236.19,6107.43096947
2015-09-30,236.9,236.49,238.78,235.11,5152.91520089
2015-09-29,240.43,236.8,241.5,236.61,9459.77890536
2015-09-28,233.37,240.43,241.44,233.37,12488.22016
2015-09-27,234.63,233.37,234.78,233.0,2592.00155383
2015-09-26,235.39,234.63,235.95,233.75,4796.04811748
2015-09-25,234.65,235.26,237.7,233.05,9861.4277771
2015-09-24,230.57,234.65,236.25,230.54,15377.2409667
2015-09-23,231.43,230.54,233.0,230.03,5720.27547465
2015-09-22,227.25,231.11,233.95,224.25,18854.9366088
2015-09-21,232.11,227.22,232.97,226.38,9274.07985298
2015-09-20,232.01,232.12,233.38,231.4,3457.17417393
2015-09-19,233.79,232.09,234.19,231.5,4329.15727342
2015-09-18,233.65,228.34,236.26,227.0,9007.77255259
2015-09-17,228.99,233.61,235.94,228.99,12037.7899456
2015-09-16,230.91,228.99,232.12,227.38,8185.35355617
2015-09-15,231.07,230.93,232.93,227.33,7621.52812507
2015-09-14,231.11,230.89,233.9,228.4,9416.99072288
2015-09-13,235.86,230.96,236.85,228.95,10215.5830291
2015-09-12,240.9,235.77,241.0,235.33,9280.94291521
2015-09-11,239.4,240.6,242.89,228.42,10243.4920351
2015-09-10,238.97,239.49,241.9,237.01,10791.492806
2015-09-09,244.2,239.07,245.57,238.38,14351.3852635
2015-09-08,240.91,244.2,247.68,240.27,16374.8117546
2015-09-07,241.0,240.85,243.0,239.03,6949.44115779
2015-09-06,235.84,240.97,248.48,235.5,20519.614031
2015-09-05,230.88,235.84,239.76,230.01,12199.2302943
2015-09-04,227.29,230.89,231.66,227.01,10799.5983152
2015-09-03,229.71,227.25,229.96,226.1,6915.70967104
2015-09-02,228.24,229.71,231.89,226.51,9011.85646725
2015-09-01,231.06,228.24,232.39,226.55,9810.61182733
2015-08-31,229.99,231.35,233.69,225.31,10923.5833991
2015-08-30,230.9,229.99,233.96,225.2,8821.01196508
2015-08-29,232.08,230.75,234.03,227.16,10072.007419
2015-08-28,225.66,231.83,238.9,220.11,27328.7033684
2015-08-27,226.13,225.76,229.5,224.0,11742.6005854
2015-08-26,222.68,226.12,232.38,220.1,23772.3959536
2015-08-25,210.49,222.68,228.77,196.6,69277.6651737
2015-08-24,228.1,210.5,228.69,207.62,53295.4079375
2015-08-23,230.33,228.53,232.88,223.05,12119.3838933
2015-08-22,232.46,230.27,234.71,221.77,20895.6134168
2015-08-21,235.55,232.17,236.43,228.76,13064.1835836
2015-08-20,226.27,235.54,237.94,226.27,26308.8703323
2015-08-19,214.09,226.32,255.08,198.0,78315.069808
2015-08-18,258.5,214.0,258.5,162.0,88032.3993415
2015-08-17,259.9,258.49,262.37,257.4,9940.91939962
2015-08-16,262.04,259.9,262.9,256.5,27231.3411812
2015-08-15,266.32,262.2,267.76,260.96,10398.4832834
2015-08-14,264.47,266.09,268.97,262.13,13586.5873605
2015-08-13,267.09,264.47,268.0,263.33,12871.1727445
2015-08-12,271.97,267.09,273.75,265.8,16300.5160774
2015-08-11,265.09,271.96,272.99,264.81,12654.8738087
2015-08-10,265.69,265.1,267.72,262.17,10783.2602438
2015-08-09,261.43,265.58,267.6,260.73,20867.9622514
2015-08-08,280.04,261.34,280.32,260.62,36959.8970577
2015-08-07,279.08,280.19,281.0,276.07,12711.1870813
2015-08-06,282.58,279.08,282.58,278.0,8941.09009878
2015-08-05,285.47,282.41,285.94,279.7,8849.6322467
2015-08-04,281.28,285.47,285.94,281.28,11989.287824
2015-08-03,282.44,281.28,287.05,279.7,14793.6287321
2015-08-02,280.31,282.44,283.44,276.26,11744.2629287
2015-08-01,284.45,280.31,284.99,276.53,12322.3679102
2015-07-31,288.02,284.45,289.85,281.0,14587.8217347
2015-07-30,289.92,288.21,291.0,284.01,12138.6971334
2015-07-29,295.24,289.92,295.68,286.02,15838.2144104
2015-07-28,294.73,295.23,298.93,293.61,14363.1927035
2015-07-27,293.0,294.84,298.74,286.0,25470.1120775
2015-07-26,289.36,293.01,294.57,288.12,9326.27781654
2015-07-25,288.58,289.37,292.35,286.39,11608.5300555
2015-07-24,276.48,288.6,289.93,276.02,24289.5171357
2015-07-23,277.88,276.51,278.44,275.56,5434.12477348
2015-07-22,275.55,277.99,278.39,274.5,10965.6249601
2015-07-21,280.2,275.55,282.1,275.09,13041.1505825
2015-07-20,275.04,280.2,280.5,273.5,12344.2415505
2015-07-19,277.25,275.04,279.18,274.69,8015.11644591
2015-07-18,279.52,277.25,283.33,276.12,15393.9051982
2015-07-17,278.93,279.82,281.55,272.0,25360.4359181
2015-07-16,285.42,278.94,295.0,275.21,52862.4232728
2015-07-15,286.87,285.42,294.44,283.51,21724.7333699
2015-07-14,292.6,286.83,297.25,286.0,23532.18616
2015-07-13,311.18,292.65,312.0,281.5,74185.0490593
2015-07-12,293.19,311.15,316.23,291.81,60434.9840182
2015-07-11,285.35,293.18,301.49,283.46,39246.4043114
2015-07-10,269.22,285.36,296.1,268.58,89653.5230541
2015-07-09,270.49,269.23,274.0,266.22,24012.1372514
2015-07-08,265.78,270.52,274.11,263.0,35178.2476229
2015-07-07,269.24,265.72,271.5,262.61,22261.5409251
2015-07-06,271.82,269.23,278.69,267.33,56663.3721804
2015-07-05,260.57,271.96,275.88,258.0,47847.8565046
2015-07-04,256.12,260.58,262.64,253.57,9650.00914711
2015-07-03,254.52,256.09,256.9,252.11,11646.4559955
2015-07-02,258.08,254.52,262.61,253.0,17333.6982928
2015-07-01,262.9,258.1,264.81,252.77,21543.0013196
2015-06-30,256.7,263.07,269.0,253.05,47278.289151
2015-06-29,248.71,256.69,257.74,248.57,34766.0316297
2015-06-28,251.6,248.71,252.06,247.25,12904.1308524
2015-06-27,243.29,251.61,251.77,242.6,18134.80647
2015-06-26,242.15,243.29,243.9,240.61,10163.3707055
2015-06-25,239.75,242.05,243.0,239.5,8703.1761925
2015-06-24,244.19,239.8,244.19,239.0,15567.4440663
2015-06-23,246.69,244.25,247.35,242.0,11550.6436554
2015-06-22,244.25,246.67,247.99,243.5,18508.5265582
2015-06-21,245.38,244.25,245.69,241.09,8170.86177002
2015-06-20,244.56,245.38,245.9,240.0,23906.5002143
2015-06-19,249.38,244.56,252.13,243.5,23929.3557002
2015-06-18,248.96,249.51,253.7,243.0,27557.7940177
2015-06-17,252.19,248.95,259.1,246.0,47507.56832
2015-06-16,236.97,252.17,254.0,236.0,50864.7583238
2015-06-15,233.5,236.98,238.16,233.35,19153.6613626
2015-06-14,232.86,233.54,235.44,232.51,8262.11109659
2015-06-13,229.51,232.87,234.3,228.4,11058.6270951
2015-06-12,229.99,229.55,231.34,229.11,9752.03407847
2015-06-11,228.61,230.0,230.7,228.6,9540.22374616
2015-06-10,229.06,228.6,229.97,227.48,10773.5126228
2015-06-09,228.79,229.06,232.07,227.79,16389.2326895
2015-06-08,223.29,228.76,230.63,223.25,28828.6623825
2015-06-07,225.69,223.26,227.0,222.29,17255.8954815
2015-06-06,224.7,225.66,228.0,223.9,6830.97598346
2015-06-05,223.24,224.51,229.23,222.65,17603.3349192
2015-06-04,225.14,223.24,225.77,222.64,11211.3224354
2015-06-03,224.7,225.14,227.0,222.26,17205.4636893
2015-06-02,222.01,224.68,226.0,220.97,16451.1719639
2015-06-01,228.38,222.0,230.89,219.71,31722.4036283
2015-05-31,232.35,228.7,232.69,227.0,11657.2744918
2015-05-30,236.72,232.54,236.73,228.2,14770.9904026
2015-05-29,236.83,236.52,237.16,235.02,6839.5288437
2015-05-28,236.75,236.86,237.5,235.85,5791.2187079
2015-05-27,237.37,236.48,239.3,235.0,9190.04045076
2015-05-26,237.1,237.36,238.5,235.26,8818.48722363
2015-05-25,240.92,237.1,241.12,236.1,8684.72025188
2015-05-24,238.86,240.96,242.98,238.52,7277.27708444
2015-05-23,240.97,238.81,241.2,237.54,8514.03827738
2015-05-22,235.25,240.97,241.83,234.59,22839.3336978
2015-05-21,234.26,235.27,236.5,233.9,10508.6308148
2015-05-20,231.56,234.24,235.24,231.56,11419.180367
2015-05-19,232.83,231.7,233.99,231.19,5868.66140137
2015-05-18,236.25,232.82,237.25,229.0,14181.5302039
2015-05-17,235.85,236.15,238.24,235.6,4806.56015574
2015-05-16,237.24,235.7,237.58,234.0,6100.36287139
2015-05-15,236.7,237.3,239.0,233.88,9526.75229743
2015-05-14,235.72,236.7,238.39,232.1,19130.3637317
2015-05-13,242.01,235.7,245.0,234.22,27912.3056392
2015-05-12,242.44,241.92,244.67,240.86,13639.3247039
2015-05-11,240.8,242.46,245.49,238.5,15989.077249
2015-05-10,242.53,240.73,245.95,238.79,11933.4066535
2015-05-09,244.52,242.54,249.21,240.1,19372.3110459
2015-05-08,237.3,244.5,249.22,236.2,31065.2996606
2015-05-07,229.04,237.3,239.79,227.81,27216.1271178
2015-05-06,235.85,229.27,236.75,226.42,47524.9971657
2015-05-05,238.68,235.87,239.49,231.05,26115.9077076
2015-05-04,240.69,238.54,243.6,236.98,24658.0932853
2015-05-03,234.76,240.57,243.73,233.75,19159.4783794
2015-05-02,231.75,234.81,235.79,231.75,8932.20058187
2015-05-01,236.18,231.78,239.25,231.26,17016.6398589
2015-04-30,225.56,236.11,240.89,224.63,41361.8577556
2015-04-29,225.3,225.23,227.8,222.66,12204.2370919
2015-04-28,227.44,225.3,228.05,222.16,17189.6973287
2015-04-27,219.73,226.91,232.49,218.24,35237.9953226
2015-04-26,226.1,219.7,226.84,213.92,40909.6564983
2015-04-25,231.21,226.01,232.7,225.35,13390.7287584
2015-04-24,235.82,231.38,236.51,228.7,22481.3834288
2015-04-23,234.35,236.01,237.22,233.0,8848.92120824
2015-04-22,236.18,234.14,238.99,232.0,22065.5891519
2015-04-21,224.21,236.96,236.99,224.16,31768.4230911
2015-04-20,222.28,224.21,227.0,221.24,19932.0480658
2015-04-19,223.23,222.16,227.0,222.1,17571.7854685
2015-04-18,222.39,223.08,224.16,219.94,11898.008681
2015-04-17,228.23,222.4,228.98,219.58,27060.8607461
2015-04-16,223.8,228.14,230.0,223.01,28949.2275376
2015-04-15,220.1,223.98,224.75,219.01,24034.5246067
2015-04-14,224.9,220.16,225.75,216.37,40768.8300318
2015-04-13,236.21,224.9,237.7,220.14,47137.094012
2015-04-12,236.83,236.38,238.7,232.38,10100.9528618
2015-04-11,236.12,236.86,240.58,233.72,17745.9435584
2015-04-10,243.56,236.12,243.74,230.75,37332.5569562
2015-04-09,244.94,243.58,246.79,236.5,22642.2355531
2015-04-08,253.7,244.92,254.99,242.72,39627.0914263
2015-04-07,255.62,253.7,257.9,253.01,10602.2521199
2015-04-06,260.75,255.73,262.45,253.4,20821.2878821
2015-04-05,253.7,260.5,261.25,251.55,23998.8744946
2015-04-04,254.24,253.6,255.7,250.32,9458.99655888
2015-04-03,253.33,254.24,256.49,250.31,28294.9928171
2015-04-02,247.07,253.23,254.94,243.0,26215.5431042
2015-04-01,244.56,246.93,248.71,239.21,23555.2695753
2015-03-31,247.93,244.51,248.8,242.0,22340.6019467
2015-03-30,242.9,247.93,250.98,236.24,30725.3599198
2015-03-29,252.9,242.74,253.01,238.89,31825.7683493
2015-03-28,246.5,252.95,255.96,246.49,17724.6877324
2015-03-27,249.21,246.5,250.45,245.23,22731.1119358
2015-03-26,246.29,249.33,255.0,244.5,33260.9684126
2015-03-25,246.0,246.29,250.95,235.7,53254.5317815
2015-03-24,267.31,246.0,268.4,241.39,64117.8698715
2015-03-23,268.6,267.23,271.5,262.0,23532.3849302
2015-03-22,260.6,268.82,270.8,259.74,18263.4907552
2015-03-21,262.18,260.47,263.01,255.1,15082.649219
2015-03-20,261.7,262.19,267.0,259.36,16197.4779677
2015-03-19,257.2,261.98,269.5,246.98,78451.5371757
2015-03-18,285.11,257.21,285.25,248.0,89923.4157283
2015-03-17,291.24,285.25,292.9,281.56,22235.3698545
2015-03-16,286.71,291.22,295.2,286.45,22313.4246187
2015-03-15,282.54,286.9,287.8,281.59,13427.567949
2015-03-14,283.18,282.6,287.6,281.36,23011.1974609
2015-03-13,295.52,283.18,295.91,282.13,46670.6748215
2015-03-12,296.52,295.55,298.8,291.04,27275.1175594
2015-03-11,292.64,296.6,298.75,291.0,25811.4717904
2015-03-10,291.04,292.62,303.96,289.03,67389.7821945
2015-03-09,275.58,291.0,295.0,275.01,62908.3776801
2015-03-08,276.98,275.59,278.68,271.61,13853.7948903
2015-03-07,273.27,276.97,280.76,270.55,22856.9456037
2015-03-06,277.69,273.36,279.75,268.8,40276.5719699
2015-03-05,272.92,277.69,284.99,262.0,66108.8846339
2015-03-04,283.8,273.33,285.99,267.0,71521.5877659
2015-03-03,277.3,283.75,294.0,267.04,81226.3982969
2015-03-02,262.47,277.41,279.61,258.98,67168.4404979
2015-03-01,255.7,262.4,266.91,245.65,47597.4246682
2015-02-28,255.06,255.7,257.4,251.25,17286.145574
2015-02-27,236.93,255.05,262.8,236.64,69855.1332944
2015-02-26,237.98,236.93,238.33,233.62,18687.2468658
2015-02-25,239.95,237.99,240.83,235.53,13529.6277305
2015-02-24,239.33,239.73,240.99,236.7,16615.8145606
2015-02-23,236.5,239.4,241.0,232.61,23852.2713174
2015-02-22,245.53,236.5,247.78,232.1,33576.5010611
2015-02-21,244.51,245.54,247.73,243.28,16187.3669003
2015-02-20,240.2,244.5,248.98,238.95,31341.12721
2015-02-19,236.27,240.0,243.42,234.97,23847.9373359
2015-02-18,243.82,236.26,244.99,231.01,39347.8594268
2015-02-17,233.5,244.0,246.28,231.5,40898.7859439
2015-02-16,235.34,233.5,243.65,228.62,47236.5223356
