MTS,OPEN,CLOSE,HIGH,LOW,VOLUME
2017-11-19 12:00:00,358.9,360.14,360.35,350.76,30295.0952312
2017-11-19 09:00:00,358.34,359.14,365.9,358.34,47004.6604758
2017-11-19 06:00:00,348.79,358.35,371.0,348.03,117443.013214
2017-11-19 03:00:00,344.82,348.79,349.95,344.82,17747.1028056
2017-11-19 00:00:00,346.89,344.82,349.36,343.28,14610.908277
2017-11-18 21:00:00,337.51,346.68,350.4,337.48,86435.7647837
2017-11-18 18:00:00,334.94,337.5,339.55,334.0,19991.6388338
2017-11-18 15:00:00,334.0,334.73,336.0,333.21,17507.9864889
2017-11-18 12:00:00,333.06,333.99,334.5,332.01,20404.0444638
2017-11-18 09:00:00,331.07,333.04,333.33,329.53,13672.2606994
2017-11-18 06:00:00,329.29,331.19,331.5,328.12,11223.1346917
2017-11-18 03:00:00,325.92,329.31,330.9,325.32,19006.2905741
2017-11-18 00:00:00,331.09,325.89,331.42,325.5,27189.7808299
2017-11-17 21:00:00,331.3,331.0,333.75,330.0,23507.3710147
2017-11-17 18:00:00,331.2,331.3,332.19,330.76,17743.6991635
2017-11-17 15:00:00,333.0,331.44,335.22,330.14,37598.0918111
2017-11-17 12:00:00,329.69,333.0,333.56,329.01,21484.0319182
2017-11-17 09:00:00,327.18,329.69,331.25,325.95,22532.5349279
2017-11-17 06:00:00,331.12,327.27,331.64,325.0,28529.663336
2017-11-17 03:00:00,332.57,331.01,333.56,329.63,14973.6714285
2017-11-17 00:00:00,330.91,332.86,333.0,328.01,27039.1913803
2017-11-16 21:00:00,328.57,331.16,331.81,326.81,27526.8946309
2017-11-16 18:00:00,331.49,328.61,333.0,324.5,29881.2597194
2017-11-16 15:00:00,327.91,331.76,335.11,327.04,26238.7002852
2017-11-16 12:00:00,325.54,327.94,330.98,324.68,35003.0988888
2017-11-16 09:00:00,323.06,325.46,325.54,321.18,26952.7473361
2017-11-16 06:00:00,328.34,323.09,328.76,321.99,23222.9284512
2017-11-16 03:00:00,327.64,328.27,329.1,326.14,14047.5199044
2017-11-16 00:00:00,330.89,327.78,330.9,327.5,13219.9756995
2017-11-15 21:00:00,329.26,330.59,330.9,325.32,10079.9114379
2017-11-15 18:00:00,330.0,329.25,330.83,326.98,12875.1347289
2017-11-15 15:00:00,327.68,330.28,331.37,321.5,33448.548521
2017-11-15 12:00:00,332.76,328.02,333.22,326.47,31414.9428168
2017-11-15 09:00:00,334.9,332.86,335.85,331.02,17436.3172485
2017-11-15 06:00:00,335.77,334.99,339.61,333.51,28264.5772306
2017-11-15 03:00:00,331.2,335.92,338.01,330.02,34599.1445051
2017-11-15 00:00:00,334.29,331.21,336.29,329.01,39289.2910486
2017-11-14 21:00:00,330.28,334.28,336.4,328.39,39672.3947541
2017-11-14 18:00:00,325.48,330.28,331.49,321.1,29336.7005478
2017-11-14 15:00:00,326.91,325.55,328.5,324.1,32643.99684
2017-11-14 12:00:00,319.72,326.91,326.92,315.02,44977.0532118
2017-11-14 09:00:00,326.11,319.87,333.29,314.0,70842.15987
2017-11-14 06:00:00,316.9,326.02,336.97,316.84,123233.743075
2017-11-14 03:00:00,319.28,316.98,322.01,313.35,36729.2844857
2017-11-14 00:00:00,313.31,319.29,319.67,313.22,44169.4424133
2017-11-13 21:00:00,310.81,313.22,315.04,310.5,27293.6041711
2017-11-13 18:00:00,309.06,310.8,313.6,305.5,38640.4731258
2017-11-13 15:00:00,311.13,309.63,312.91,307.71,33947.4194523
2017-11-13 12:00:00,312.84,311.19,314.9,307.31,41548.7657459
2017-11-13 09:00:00,311.56,312.8,314.8,309.0,26058.8286215
2017-11-13 06:00:00,308.78,311.51,315.0,306.63,34854.4118277
2017-11-13 03:00:00,314.03,308.16,316.95,305.35,48152.7530572
2017-11-13 00:00:00,303.42,314.25,318.0,302.27,52705.4342343
2017-11-12 21:00:00,307.98,303.9,310.0,301.1,50122.0980925
2017-11-12 18:00:00,315.2,307.54,316.99,304.01,50850.1893657
2017-11-12 15:00:00,301.41,315.2,316.0,301.0,66901.6308738
2017-11-12 12:00:00,300.31,301.84,304.95,297.94,47300.1987681
2017-11-12 09:00:00,300.33,300.31,306.5,295.02,52378.9464539
2017-11-12 06:00:00,304.25,300.33,314.99,293.33,110896.717257
2017-11-12 03:00:00,307.01,304.25,315.0,302.3,73303.7635745
2017-11-12 00:00:00,313.25,307.33,313.4,306.0,39382.6305561
2017-11-11 21:00:00,318.99,313.07,320.0,311.05,28063.3247035
2017-11-11 18:00:00,312.4,318.98,319.9,310.0,67280.2962093
2017-11-11 15:00:00,301.28,312.4,312.4,298.0,52493.9988821
2017-11-11 12:00:00,297.93,301.48,304.38,295.1,59487.62885
2017-11-11 09:00:00,302.69,298.17,305.67,297.89,21437.3246586
2017-11-11 06:00:00,298.3,302.5,302.78,298.04,14684.7164281
2017-11-11 03:00:00,300.1,298.32,301.99,297.35,16234.4478634
2017-11-11 00:00:00,296.12,300.1,302.5,294.7,19893.4144096
2017-11-10 21:00:00,292.76,296.18,303.33,292.4,48883.7162917
2017-11-10 18:00:00,299.55,293.12,299.55,286.0,96357.6922107
2017-11-10 15:00:00,302.71,299.35,304.97,296.54,50225.3326637
2017-11-10 12:00:00,311.51,302.82,314.98,302.71,53339.0829528
2017-11-10 09:00:00,316.37,311.93,324.03,311.0,43787.3052869
2017-11-10 06:00:00,317.03,316.3,317.69,312.57,30429.0824721
2017-11-10 03:00:00,317.75,316.79,319.49,316.02,16130.1317076
2017-11-10 00:00:00,319.52,317.74,320.22,316.82,16935.2383013
2017-11-09 21:00:00,324.5,319.52,325.12,316.1,33815.9678689
2017-11-09 18:00:00,324.98,324.37,327.58,322.67,20011.1089694
2017-11-09 15:00:00,326.3,325.0,328.8,320.69,36086.7584966
2017-11-09 12:00:00,315.13,326.3,327.0,313.93,64090.7056514
2017-11-09 09:00:00,314.62,315.13,315.16,311.0,29226.2316859
2017-11-09 06:00:00,312.84,314.76,317.6,311.11,26363.3742107
2017-11-09 03:00:00,311.04,312.99,313.72,307.57,19272.3994152
2017-11-09 00:00:00,307.52,310.97,313.1,305.0,23795.7518216
2017-11-08 21:00:00,316.7,307.5,316.7,307.36,46109.9503403
2017-11-08 18:00:00,303.0,316.66,318.9,300.0,165167.295034
2017-11-08 15:00:00,299.37,303.0,303.0,297.89,39872.6135395
2017-11-08 12:00:00,298.34,299.34,300.61,297.15,24372.3614545
2017-11-08 09:00:00,297.26,298.31,298.88,296.79,14239.7655218
2017-11-08 06:00:00,296.5,297.24,297.4,294.2,11890.9768707
2017-11-08 03:00:00,293.5,296.45,296.63,293.42,17910.5946734
2017-11-08 00:00:00,291.39,293.5,294.87,290.11,18310.5404745
2017-11-07 21:00:00,289.98,291.42,294.37,289.4,19713.9290406
2017-11-07 18:00:00,292.33,290.0,292.79,289.0,20516.5544824
2017-11-07 15:00:00,288.0,292.35,292.79,285.01,35520.8648097
2017-11-07 12:00:00,302.97,288.0,303.06,287.01,80615.9337224
2017-11-07 09:00:00,300.05,302.86,304.2,298.55,17904.1524256
2017-11-07 06:00:00,297.01,300.01,301.0,296.0,11327.6190159
2017-11-07 03:00:00,300.33,297.01,301.0,297.0,9396.32136145
2017-11-07 00:00:00,296.67,300.29,301.63,295.5,21911.717606
2017-11-06 21:00:00,299.54,296.9,299.84,295.5,14903.4279347
2017-11-06 18:00:00,299.51,299.66,305.73,298.02,22695.9561456
2017-11-06 15:00:00,298.78,299.53,310.0,297.78,42963.5317141
2017-11-06 12:00:00,300.56,298.8,303.97,298.1,18682.5678763
2017-11-06 09:00:00,295.92,300.5,302.49,294.4,26624.5837233
2017-11-06 06:00:00,293.88,296.1,296.67,292.25,12186.2959296
2017-11-06 03:00:00,294.18,293.9,295.0,292.0,14626.1823723
2017-11-06 00:00:00,295.38,294.18,296.17,293.48,7265.84101894
2017-11-05 21:00:00,296.5,295.63,297.5,292.28,13357.4625083
2017-11-05 18:00:00,295.32,296.31,296.5,294.6,13777.7267818
2017-11-05 15:00:00,296.88,295.21,297.04,294.79,12630.5464261
2017-11-05 12:00:00,297.8,296.98,298.16,294.13,21638.942345
2017-11-05 09:00:00,298.71,297.8,299.87,297.8,13576.5414976
2017-11-05 06:00:00,299.43,298.97,301.0,298.5,10335.2327199
2017-11-05 03:00:00,298.85,299.43,299.78,298.5,5068.86502967
2017-11-05 00:00:00,299.45,298.91,299.8,298.5,8396.56571797
2017-11-04 21:00:00,298.59,299.48,299.51,298.5,15879.4422185
2017-11-04 18:00:00,297.8,298.6,299.5,297.8,18514.9773047
2017-11-04 15:00:00,300.23,297.8,300.88,296.3,15311.6024488
2017-11-04 12:00:00,300.25,300.19,302.16,299.9,13371.7586275
2017-11-04 09:00:00,297.99,300.26,304.0,297.56,22566.3409101
2017-11-04 06:00:00,297.12,297.94,299.01,296.62,8687.17278997
2017-11-04 03:00:00,293.54,297.12,298.02,293.23,9364.55805718
2017-11-04 00:00:00,303.47,293.59,304.38,293.0,29352.4549586
2017-11-03 21:00:00,302.99,303.47,307.36,301.5,40992.186379
2017-11-03 18:00:00,297.7,302.99,303.0,296.58,19584.4702333
2017-11-03 15:00:00,297.56,297.71,301.53,295.0,26305.4898724
2017-11-03 12:00:00,296.59,297.58,298.63,294.01,26052.8898193
2017-11-03 09:00:00,292.74,296.59,296.9,290.69,25940.5158895
2017-11-03 06:00:00,288.95,293.65,294.87,288.21,22763.2240266
2017-11-03 03:00:00,288.82,288.94,292.5,285.28,37790.6823756
2017-11-03 00:00:00,284.88,288.61,289.0,284.0,19383.1193726
2017-11-02 21:00:00,286.47,284.89,287.24,282.02,14979.223031
2017-11-02 18:00:00,284.45,286.44,291.0,283.22,21200.1727923
2017-11-02 15:00:00,289.5,284.42,290.0,283.55,21941.3025261
2017-11-02 12:00:00,287.89,289.5,289.5,281.42,30587.5398792
2017-11-02 09:00:00,278.52,288.38,289.45,276.0,49201.0136813
2017-11-02 06:00:00,282.65,278.53,284.99,278.51,19505.7908689
2017-11-02 03:00:00,285.94,282.65,286.73,281.71,18874.0814018
2017-11-02 00:00:00,288.84,286.29,293.01,275.21,84600.3873774
2017-11-01 21:00:00,296.73,288.6,297.9,287.04,32039.8965093
2017-11-01 18:00:00,295.18,296.56,298.88,295.02,14917.0019456
2017-11-01 15:00:00,299.96,295.11,301.17,294.35,16149.5502648
2017-11-01 12:00:00,296.04,299.96,301.8,294.06,22499.3828943
2017-11-01 09:00:00,303.06,296.0,304.0,294.0,28677.1300765
2017-11-01 06:00:00,302.52,303.22,304.69,301.86,12314.2249626
2017-11-01 03:00:00,303.5,302.55,303.64,298.22,15570.6303117
2017-11-01 00:00:00,303.69,303.4,305.11,302.5,12625.9537388
2017-10-31 21:00:00,305.72,303.69,307.0,303.1,9565.03140023
2017-10-31 18:00:00,306.64,305.78,307.0,305.19,7497.50225463
2017-10-31 15:00:00,304.84,306.69,309.0,303.93,9724.38722048
2017-10-31 12:00:00,308.49,304.86,310.0,304.0,15174.1818582
2017-10-31 09:00:00,308.02,308.55,309.89,306.98,8786.4259167
2017-10-31 06:00:00,310.43,308.0,310.46,306.23,11193.6475947
2017-10-31 03:00:00,308.79,310.44,312.0,307.8,11696.606784
2017-10-31 00:00:00,306.99,308.78,309.27,306.38,8196.57147519
2017-10-30 21:00:00,305.02,307.0,309.0,304.47,4913.8877643
2017-10-30 18:00:00,305.79,305.0,306.64,304.5,3959.01242041
2017-10-30 15:00:00,306.03,305.77,307.4,304.46,7788.48368995
2017-10-30 12:00:00,308.69,306.02,309.06,304.24,15589.1096571
2017-10-30 09:00:00,310.73,308.63,311.2,308.14,12667.0165637
2017-10-30 06:00:00,307.81,310.73,314.4,307.62,18576.6482572
2017-10-30 03:00:00,307.0,307.82,309.87,305.98,7987.43271124
2017-10-30 00:00:00,304.38,306.93,310.02,303.93,15279.7433259
2017-10-29 21:00:00,307.78,304.39,308.21,303.93,11815.8963269
2017-10-29 18:00:00,307.21,307.08,309.39,304.54,12924.601039
2017-10-29 15:00:00,307.19,307.2,310.77,298.21,29346.8411379
2017-10-29 12:00:00,307.01,307.0,312.49,304.38,50737.4170862
2017-10-29 09:00:00,297.49,307.02,310.0,295.17,38618.8612782
2017-10-29 06:00:00,295.36,297.57,298.71,294.77,10130.5356764
2017-10-29 03:00:00,293.89,295.74,295.78,292.65,4221.76124674
2017-10-29 00:00:00,293.59,293.95,294.64,290.5,9359.78014701
2017-10-28 21:00:00,292.9,293.49,294.48,291.65,6276.90624572
2017-10-28 18:00:00,294.87,292.9,295.4,292.39,6882.27805161
2017-10-28 15:00:00,294.41,295.03,296.01,292.0,11915.6988297
2017-10-28 12:00:00,292.06,294.44,296.99,288.6,16457.0880924
2017-10-28 09:00:00,292.56,292.07,293.77,290.42,9779.40771963
2017-10-28 06:00:00,293.63,292.63,294.39,292.5,3082.67835014
2017-10-28 03:00:00,293.62,293.63,294.09,290.01,8120.21168443
2017-10-28 00:00:00,296.0,293.62,297.01,293.55,8075.50484869
2017-10-27 21:00:00,294.47,295.99,296.0,293.86,4667.44346272
2017-10-27 18:00:00,295.69,294.48,295.91,294.06,3479.96429548
2017-10-27 15:00:00,293.49,295.46,297.0,293.14,7793.36012751
2017-10-27 12:00:00,296.64,293.66,297.36,291.6,13271.4109837
2017-10-27 09:00:00,296.22,296.31,297.89,295.51,10917.7179255
2017-10-27 06:00:00,296.3,296.41,298.7,295.65,11334.3522748
2017-10-27 03:00:00,295.63,296.11,298.69,295.14,7149.04376292
2017-10-27 00:00:00,295.02,295.76,299.5,294.94,9929.00814801
2017-10-26 21:00:00,295.24,295.1,298.0,293.79,4494.43945646
2017-10-26 18:00:00,295.19,295.17,296.34,290.55,7818.326519
2017-10-26 15:00:00,295.99,295.19,297.98,294.92,8641.33095281
2017-10-26 12:00:00,298.7,296.23,299.0,295.0,11647.4201227
2017-10-26 09:00:00,295.24,298.7,299.0,294.83,8650.74701425
2017-10-26 06:00:00,295.9,295.25,296.1,294.09,8292.40974622
2017-10-26 03:00:00,297.63,295.9,298.32,295.21,3220.29643485
2017-10-26 00:00:00,295.45,297.72,298.0,293.15,6907.37672533
2017-10-25 21:00:00,296.51,295.46,298.91,293.76,7102.18037774
2017-10-25 18:00:00,294.89,296.44,299.6,294.85,11175.3860133
2017-10-25 15:00:00,293.59,294.9,296.0,289.9,14768.8832145
2017-10-25 12:00:00,293.5,293.67,296.1,290.82,9825.42608031
2017-10-25 09:00:00,297.65,293.5,298.55,290.57,10628.4133277
2017-10-25 06:00:00,293.91,297.65,300.0,293.59,10791.4593809
2017-10-25 03:00:00,289.19,293.86,297.25,289.1,11438.1097835
2017-10-25 00:00:00,296.3,289.19,297.46,288.5,18621.3605741
2017-10-24 21:00:00,301.94,296.3,302.0,292.61,19908.4944776
2017-10-24 18:00:00,302.8,302.0,305.9,300.03,8395.27496819
2017-10-24 15:00:00,307.99,302.9,308.96,302.02,17293.5142184
2017-10-24 12:00:00,309.54,307.99,311.21,304.1,23657.252996
2017-10-24 09:00:00,304.07,309.53,309.9,304.07,17711.6126568
2017-10-24 06:00:00,308.62,304.1,309.9,301.69,20075.8654755
2017-10-24 03:00:00,304.02,308.64,309.33,298.77,22480.4953515
2017-10-24 00:00:00,285.0,304.12,311.85,280.02,87680.5759896
2017-10-23 21:00:00,281.91,284.85,286.39,281.0,18210.3515387
2017-10-23 18:00:00,282.29,282.02,284.29,279.4,20644.0004912
2017-10-23 15:00:00,276.72,282.29,283.5,273.5,25541.8390886
2017-10-23 12:00:00,285.89,276.68,286.0,273.55,38945.1547964
2017-10-23 09:00:00,281.97,285.83,287.3,277.33,22715.1307006
2017-10-23 06:00:00,290.04,281.93,290.04,281.93,30324.288324
2017-10-23 03:00:00,292.07,290.04,292.33,289.43,11012.9949498
2017-10-23 00:00:00,293.52,292.06,293.96,291.39,3625.53305128
2017-10-22 21:00:00,289.41,293.55,294.92,289.41,11574.3170533
2017-10-22 18:00:00,292.51,289.4,293.0,289.4,12928.6172977
2017-10-22 15:00:00,295.62,292.52,296.0,292.52,7234.27479764
2017-10-22 12:00:00,292.39,295.64,296.74,290.97,15121.1621612
2017-10-22 09:00:00,296.19,292.34,296.32,290.08,13586.8253919
2017-10-22 06:00:00,295.71,296.19,296.5,292.25,7389.05863308
2017-10-22 03:00:00,304.15,295.71,305.62,292.5,15162.2190402
2017-10-22 00:00:00,299.29,303.99,305.0,299.28,12670.8870119
2017-10-21 21:00:00,296.75,299.23,300.57,296.28,7592.12009279
2017-10-21 18:00:00,296.36,296.77,300.97,295.05,9037.52979712
2017-10-21 15:00:00,293.45,296.36,299.74,289.31,27398.7651009
2017-10-21 12:00:00,294.91,293.32,296.5,293.0,15374.4246524
2017-10-21 09:00:00,297.06,294.91,297.99,294.34,16250.1534567
2017-10-21 06:00:00,298.49,297.06,299.55,296.01,8101.44740597
2017-10-21 03:00:00,300.61,298.49,301.97,296.38,13462.4827883
2017-10-21 00:00:00,302.57,300.65,303.0,299.68,8348.3490487
2017-10-20 21:00:00,304.96,302.61,305.45,301.9,9349.44320761
2017-10-20 18:00:00,307.6,304.85,309.33,301.04,17933.5566244
2017-10-20 15:00:00,308.17,307.35,313.01,305.01,25270.1932888
2017-10-20 12:00:00,304.33,307.94,310.97,303.97,24021.1382579
2017-10-20 09:00:00,303.83,304.35,305.85,301.97,15262.3228221
2017-10-20 06:00:00,306.41,303.9,307.92,303.1,11593.1580106
2017-10-20 03:00:00,307.07,306.34,308.79,306.29,8908.18197852
2017-10-20 00:00:00,306.96,306.9,309.89,305.98,7003.59632972
2017-10-19 21:00:00,306.84,306.97,309.0,306.15,4914.44777184
2017-10-19 18:00:00,307.28,307.17,307.93,304.68,12676.0198485
2017-10-19 15:00:00,312.69,307.16,314.0,305.88,20171.0532919
2017-10-19 12:00:00,306.33,312.63,314.02,304.0,20026.139769
2017-10-19 09:00:00,307.76,306.33,309.96,306.32,18957.6127731
2017-10-19 06:00:00,307.32,307.76,310.32,304.51,13724.7178611
2017-10-19 03:00:00,311.61,306.86,314.9,306.03,8842.18380347
2017-10-19 00:00:00,313.42,311.62,316.5,309.33,18964.0024345
2017-10-18 21:00:00,305.43,313.45,315.0,304.66,25648.791347
2017-10-18 18:00:00,301.09,305.76,305.77,298.08,19967.2123713
2017-10-18 15:00:00,294.5,301.06,310.05,293.5,55204.3133721
2017-10-18 12:00:00,297.8,294.37,298.75,287.46,41947.182452
2017-10-18 09:00:00,299.98,297.9,302.8,293.74,22755.1094282
2017-10-18 06:00:00,310.97,299.99,311.22,296.26,49506.6109396
2017-10-18 03:00:00,306.27,310.99,314.43,304.46,19648.2977162
2017-10-18 00:00:00,315.63,306.28,316.21,306.28,18726.9895178
2017-10-17 21:00:00,314.97,315.65,318.39,309.78,26306.1184835
2017-10-17 18:00:00,319.61,314.99,322.65,308.0,31785.9868058
2017-10-17 15:00:00,321.67,320.0,322.57,315.1,44664.2893063
2017-10-17 12:00:00,322.56,321.56,324.24,321.22,16922.8432435
2017-10-17 09:00:00,330.22,322.64,330.29,321.7,20138.0703677
2017-10-17 06:00:00,325.41,330.13,332.2,324.71,22827.2886826
2017-10-17 03:00:00,327.8,325.48,329.32,324.33,9902.13058151
2017-10-17 00:00:00,334.3,327.7,334.8,325.57,19749.1623953
2017-10-16 21:00:00,333.43,334.46,337.23,332.87,8932.65754499
2017-10-16 18:00:00,338.5,333.49,338.9,330.85,24392.5564659
2017-10-16 15:00:00,343.15,338.5,343.88,334.1,35309.701058
2017-10-16 12:00:00,340.98,343.02,344.43,340.69,16099.0405124
2017-10-16 09:00:00,340.37,340.92,345.49,337.79,25703.2735982
2017-10-16 06:00:00,349.89,340.38,352.2,335.0,41102.4036649
2017-10-16 03:00:00,346.77,349.84,355.0,331.0,81093.5861238
2017-10-16 00:00:00,337.05,346.93,348.88,335.0,38855.5336505
2017-10-15 21:00:00,329.42,337.23,338.42,328.99,20477.2615772
2017-10-15 18:00:00,328.76,329.05,329.95,327.0,12450.7168831
2017-10-15 15:00:00,330.85,328.84,334.5,323.99,44461.4791113
2017-10-15 12:00:00,320.99,330.8,331.42,320.99,24487.4347506
2017-10-15 09:00:00,333.14,320.99,333.14,315.0,85266.9521762
2017-10-15 06:00:00,339.92,333.14,341.2,333.1,29947.4495008
2017-10-15 03:00:00,337.89,339.91,341.34,336.9,9723.49928281
2017-10-15 00:00:00,339.24,337.92,344.89,337.3,24582.0290874
2017-10-14 21:00:00,343.42,339.24,345.87,337.5,25799.2699344
2017-10-14 18:00:00,343.7,343.62,345.68,341.11,12613.3179387
2017-10-14 15:00:00,341.54,343.68,347.98,340.63,21421.298283
2017-10-14 12:00:00,340.46,341.53,343.08,337.71,14789.7853097
2017-10-14 09:00:00,347.06,340.5,348.0,338.0,27619.5255743
2017-10-14 06:00:00,341.62,347.13,347.17,340.17,20087.1038856
2017-10-14 03:00:00,336.69,341.57,343.02,336.0,15880.0635555
2017-10-14 00:00:00,337.44,336.69,338.19,334.05,13136.2959327
2017-10-13 21:00:00,337.38,337.46,341.19,332.0,16937.5940834
2017-10-13 18:00:00,341.18,337.09,346.88,336.5,30909.3094404
2017-10-13 15:00:00,342.75,341.01,344.75,337.78,26563.3740827
2017-10-13 12:00:00,330.41,342.8,350.0,329.91,92397.737578
2017-10-13 09:00:00,324.55,330.22,332.12,321.2,52963.3079945
2017-10-13 06:00:00,315.06,324.61,337.85,314.25,102272.303884
2017-10-13 03:00:00,299.78,315.05,317.0,299.51,53816.0972381
2017-10-13 00:00:00,303.2,299.84,303.87,298.0,31231.6292476
2017-10-12 21:00:00,303.66,303.06,307.26,302.5,15252.1814505
2017-10-12 18:00:00,305.12,303.72,306.38,302.31,17001.7213891
2017-10-12 15:00:00,307.38,305.12,308.91,302.1,35919.7629848
2017-10-12 12:00:00,307.13,307.4,308.55,305.76,13679.9848931
2017-10-12 09:00:00,306.22,307.09,309.2,305.0,26644.1747732
2017-10-12 06:00:00,308.13,306.21,308.96,303.59,31442.4853021
2017-10-12 03:00:00,306.66,308.12,310.01,306.0,23438.4789206
2017-10-12 00:00:00,303.32,306.67,308.63,302.82,22797.5379504
2017-10-11 21:00:00,302.23,303.2,304.11,300.88,8895.01331728
2017-10-11 18:00:00,300.63,302.13,306.55,300.0,21875.7346405
2017-10-11 15:00:00,299.42,300.56,301.0,299.0,8125.90775282
2017-10-11 12:00:00,300.39,299.5,302.21,298.63,24478.9331418
2017-10-11 09:00:00,301.06,300.45,301.06,296.6,20824.1369114
2017-10-11 06:00:00,301.77,301.05,303.0,299.99,10441.7609542
2017-10-11 03:00:00,301.47,301.76,302.9,299.41,9411.7567107
2017-10-11 00:00:00,299.32,301.43,303.0,298.97,12358.6404293
2017-10-10 21:00:00,300.61,299.32,302.09,297.0,18140.3607831
2017-10-10 18:00:00,302.3,300.56,303.49,299.31,17025.4215403
2017-10-10 15:00:00,304.61,302.29,307.0,301.1,15502.3174622
2017-10-10 12:00:00,298.87,304.61,304.7,298.68,16383.6229331
2017-10-10 09:00:00,297.01,298.99,302.0,296.91,9155.79517238
2017-10-10 06:00:00,300.39,297.15,300.84,295.4,8797.61899389
2017-10-10 03:00:00,297.08,300.39,300.39,295.11,8002.28617998
2017-10-10 00:00:00,297.43,296.96,298.45,292.57,11869.6617634
2017-10-09 21:00:00,294.45,297.4,299.42,293.0,13861.7887314
2017-10-09 18:00:00,293.02,294.47,299.71,287.03,48818.4904047
2017-10-09 15:00:00,300.08,293.0,300.43,293.0,33064.5557782
2017-10-09 12:00:00,305.46,300.1,305.85,298.31,29398.1594598
2017-10-09 09:00:00,304.5,305.41,307.0,303.88,9215.5751041
2017-10-09 06:00:00,310.64,304.51,311.16,304.0,11638.4466755
2017-10-09 03:00:00,307.0,310.64,310.64,301.17,22310.2434905
2017-10-09 00:00:00,309.83,307.0,309.93,305.62,12596.1012593
2017-10-08 21:00:00,311.37,309.82,311.93,307.55,12989.2337214
2017-10-08 18:00:00,312.24,311.36,314.0,310.69,12012.3934493
2017-10-08 15:00:00,312.67,312.24,313.9,310.94,14688.2007476
2017-10-08 12:00:00,311.32,312.67,314.39,308.85,22271.7524562
2017-10-08 09:00:00,311.62,311.31,313.1,310.6,10039.9700797
2017-10-08 06:00:00,311.17,311.63,313.02,309.5,10599.2682256
2017-10-08 03:00:00,311.75,311.18,312.26,308.27,14747.3727186
2017-10-08 00:00:00,311.46,311.89,313.88,311.16,6796.15655608
2017-10-07 21:00:00,308.05,311.46,315.0,304.55,31150.7658147
2017-10-07 18:00:00,308.87,308.0,309.0,307.77,3876.58253153
2017-10-07 15:00:00,309.2,308.78,309.91,307.28,12821.3674006
2017-10-07 12:00:00,305.21,309.21,310.04,305.01,12292.2251658
2017-10-07 09:00:00,307.15,305.29,307.85,304.5,9381.23504538
2017-10-07 06:00:00,309.9,307.21,310.99,305.72,17414.4096969
2017-10-07 03:00:00,311.41,309.91,311.55,307.13,12535.8101925
2017-10-07 00:00:00,308.41,311.41,313.86,308.1,17768.6170401
2017-10-06 21:00:00,301.23,308.43,309.59,300.97,19364.6165117
2017-10-06 18:00:00,300.99,301.1,302.99,300.65,9650.58590004
2017-10-06 15:00:00,301.19,301.0,304.2,300.0,21981.6135783
2017-10-06 12:00:00,301.51,301.26,303.36,299.0,18911.1489243
2017-10-06 09:00:00,300.6,301.32,302.8,300.05,14157.857665
2017-10-06 06:00:00,298.19,300.57,300.99,297.23,12278.3893367
2017-10-06 03:00:00,294.52,298.05,298.77,294.4,5608.75919573
2017-10-06 00:00:00,295.09,294.52,295.64,293.04,5706.8605039
2017-10-05 21:00:00,296.16,295.12,297.88,294.0,7637.67808569
2017-10-05 18:00:00,293.88,296.16,297.92,293.86,11056.7780509
2017-10-05 15:00:00,293.0,293.93,296.62,292.99,9929.58014905
2017-10-05 12:00:00,290.52,293.0,294.45,289.65,16721.1355381
2017-10-05 09:00:00,287.25,290.29,292.0,287.07,12583.8416061
2017-10-05 06:00:00,287.28,287.24,289.19,287.01,8946.6370959
2017-10-05 03:00:00,293.32,287.24,293.69,285.12,15019.5439448
2017-10-05 00:00:00,291.4,293.19,294.53,291.09,9710.21693179
2017-10-04 21:00:00,290.49,291.4,292.67,290.48,6830.91704488
2017-10-04 18:00:00,292.32,290.49,292.52,289.72,8950.22426157
2017-10-04 15:00:00,291.53,292.32,293.0,289.95,14835.2311226
2017-10-04 12:00:00,293.41,291.55,293.5,287.56,20851.131362
2017-10-04 09:00:00,294.34,293.57,294.98,289.5,27505.8343764
2017-10-04 06:00:00,294.8,294.35,296.0,293.19,10649.8154295
2017-10-04 03:00:00,291.7,294.76,295.0,291.6,12013.5628545
2017-10-04 00:00:00,291.69,291.7,293.0,288.85,11433.1818224
2017-10-03 21:00:00,290.28,291.69,293.69,288.0,13055.8447473
2017-10-03 18:00:00,290.93,290.28,291.07,288.93,4813.44894463
2017-10-03 15:00:00,290.43,290.92,293.73,288.98,17408.4666753
2017-10-03 12:00:00,292.06,290.44,293.26,286.77,18556.9062658
2017-10-03 09:00:00,290.75,292.07,292.49,285.93,13920.0448694
2017-10-03 06:00:00,295.2,290.72,295.73,288.1,39921.2906233
2017-10-03 03:00:00,297.75,295.22,300.5,294.0,11906.9800934
2017-10-03 00:00:00,296.82,297.75,299.23,296.0,10413.9192772
2017-10-02 21:00:00,296.99,296.82,297.37,294.5,9034.63175248
2017-10-02 18:00:00,295.16,297.0,297.5,292.1,16181.6747386
2017-10-02 15:00:00,299.03,295.22,299.2,295.0,19112.586793
2017-10-02 12:00:00,300.13,299.02,301.12,295.77,33408.7847158
2017-10-02 09:00:00,301.74,300.1,303.12,300.05,11171.6261257
2017-10-02 06:00:00,301.82,301.75,302.37,300.73,12135.3159581
2017-10-02 03:00:00,301.74,301.73,302.55,300.0,12012.9695536
2017-10-02 00:00:00,304.24,301.74,304.63,300.0,21385.065715
2017-10-01 21:00:00,301.9,304.26,305.57,301.84,15456.4117638
2017-10-01 18:00:00,301.31,301.99,302.49,300.18,8890.81427665
2017-10-01 15:00:00,298.13,301.31,302.18,297.49,17161.6174527
2017-10-01 12:00:00,299.41,298.13,299.42,295.0,17413.4708604
2017-10-01 09:00:00,300.11,299.41,300.67,299.41,7168.84508765
2017-10-01 06:00:00,299.46,300.11,301.43,299.29,9732.00538184
2017-10-01 03:00:00,300.2,299.42,301.69,298.33,14399.9161808
2017-10-01 00:00:00,303.44,300.2,304.7,300.17,20058.6393823
2017-09-30 21:00:00,304.91,303.44,305.47,302.2,11213.7301944
2017-09-30 18:00:00,304.02,304.62,307.19,303.0,15840.4322366
2017-09-30 15:00:00,303.89,304.02,306.0,301.95,15291.7606151
2017-09-30 12:00:00,302.87,303.96,304.72,300.11,14038.7924764
2017-09-30 09:00:00,300.8,302.87,307.76,298.16,32671.6053283
2017-09-30 06:00:00,298.75,300.7,302.87,298.75,16297.8085753
2017-09-30 03:00:00,298.43,298.75,298.75,296.13,10556.8809657
2017-09-30 00:00:00,292.74,298.43,299.0,292.3,15572.046821
2017-09-29 21:00:00,293.29,292.66,294.5,290.64,6908.87280768
2017-09-29 18:00:00,292.28,293.12,295.0,291.95,9041.78186257
2017-09-29 15:00:00,293.78,292.29,298.98,290.17,23662.2538673
2017-09-29 12:00:00,296.08,293.79,303.65,290.9,66996.8262648
2017-09-29 09:00:00,289.42,295.83,297.45,286.13,26758.9173193
2017-09-29 06:00:00,283.2,289.42,291.37,282.08,27189.093293
2017-09-29 03:00:00,287.18,283.2,289.94,280.5,72300.2315777
2017-09-29 00:00:00,302.51,287.18,303.9,286.11,44057.316994
2017-09-28 21:00:00,301.37,302.63,303.9,300.79,5769.93833139
2017-09-28 18:00:00,301.97,301.37,302.55,299.24,9812.55504805
2017-09-28 15:00:00,301.34,301.96,304.0,297.75,27965.1935248
2017-09-28 12:00:00,302.26,301.35,303.44,299.1,17170.1132737
2017-09-28 09:00:00,308.15,302.45,308.88,301.5,33805.1988552
2017-09-28 06:00:00,307.62,308.39,309.0,306.1,14847.3013137
2017-09-28 03:00:00,305.06,307.6,310.69,304.73,17271.5075577
2017-09-28 00:00:00,309.83,305.3,310.42,304.2,14046.4467371
2017-09-27 21:00:00,307.31,309.75,315.51,306.02,31706.4050371
2017-09-27 18:00:00,298.75,307.28,309.7,298.5,35913.5839175
2017-09-27 15:00:00,298.82,298.75,304.0,298.27,40444.5600446
2017-09-27 12:00:00,297.47,298.81,299.0,294.0,24584.9359421
2017-09-27 09:00:00,290.41,297.48,298.7,290.01,44639.8336721
2017-09-27 06:00:00,291.6,290.33,291.98,289.01,8207.0055916
2017-09-27 03:00:00,289.32,291.48,293.36,289.13,16343.2370203
2017-09-27 00:00:00,289.17,289.57,290.94,286.93,13176.4707709
2017-09-26 21:00:00,289.41,289.28,291.24,285.32,11774.1525128
2017-09-26 18:00:00,289.63,289.69,290.49,287.9,8342.09474155
2017-09-26 15:00:00,290.97,289.66,291.39,285.2,18120.6010871
2017-09-26 12:00:00,293.71,290.96,295.96,290.96,12833.9211259
2017-09-26 09:00:00,292.47,293.7,295.7,290.64,9139.27775651
2017-09-26 06:00:00,289.13,292.47,293.83,288.95,13645.9578923
2017-09-26 03:00:00,295.44,289.07,295.6,288.36,21029.3723804
2017-09-26 00:00:00,295.06,295.43,296.38,294.7,9987.71784545
2017-09-25 21:00:00,296.0,295.2,297.0,293.2,12670.441132
2017-09-25 18:00:00,293.0,296.0,296.8,292.33,11975.6754851
2017-09-25 15:00:00,295.01,293.0,297.93,292.0,34979.2379035
2017-09-25 12:00:00,287.63,295.08,297.74,287.02,40195.7886998
2017-09-25 09:00:00,289.27,287.6,290.38,286.01,19292.7917359
2017-09-25 06:00:00,288.26,289.4,293.67,287.02,14053.0685969
2017-09-25 03:00:00,287.93,288.18,291.76,285.59,21518.6294484
2017-09-25 00:00:00,281.93,288.0,291.89,281.8,32250.5134871
2017-09-24 21:00:00,284.24,282.0,287.78,280.98,19982.6605673
2017-09-24 18:00:00,286.17,284.34,286.18,279.07,25112.6908158
2017-09-24 15:00:00,284.7,286.24,288.0,283.85,10555.9537748
2017-09-24 12:00:00,281.36,284.7,288.99,280.59,20774.7495349
2017-09-24 09:00:00,279.41,281.35,283.4,276.98,14566.7088364
2017-09-24 06:00:00,283.12,279.39,284.52,275.41,29510.612119
2017-09-24 03:00:00,292.7,283.12,294.54,279.0,46359.7459034
2017-09-24 00:00:00,285.9,293.01,294.32,283.53,30358.9436227
2017-09-23 21:00:00,282.98,285.9,287.0,280.75,14390.4530561
2017-09-23 18:00:00,281.63,283.0,284.26,279.38,10956.0637691
2017-09-23 15:00:00,280.87,281.75,284.11,276.85,24111.5681104
2017-09-23 12:00:00,284.19,281.0,286.28,276.0,23999.4990206
2017-09-23 09:00:00,269.13,284.04,287.2,267.9,51447.6374961
2017-09-23 06:00:00,265.8,268.99,270.4,265.55,14706.6764394
2017-09-23 03:00:00,263.49,266.04,268.9,262.59,12870.3201011
2017-09-23 00:00:00,262.19,263.87,264.42,259.01,10916.9270364
2017-09-22 21:00:00,261.95,262.19,264.38,259.84,28341.9212821
2017-09-22 18:00:00,257.4,261.97,263.5,256.62,20026.0225169
2017-09-22 15:00:00,258.06,257.41,259.75,253.05,26585.386078
2017-09-22 12:00:00,254.14,258.25,260.5,253.05,26659.2439482
2017-09-22 09:00:00,263.01,254.55,263.3,253.03,23703.6299364
2017-09-22 06:00:00,267.47,263.01,269.5,260.1,18206.5617401
2017-09-22 03:00:00,258.76,267.46,269.5,258.56,24917.9210076
2017-09-22 00:00:00,256.71,258.83,264.97,256.4,15649.8340467
2017-09-21 21:00:00,261.62,256.67,265.58,256.14,38202.1564512
2017-09-21 18:00:00,264.14,261.61,268.3,251.52,75684.6971777
2017-09-21 15:00:00,277.33,264.0,278.93,262.0,91112.6955516
2017-09-21 12:00:00,283.85,277.61,284.5,275.41,18389.1120163
2017-09-21 09:00:00,283.36,283.85,284.7,280.8,15369.0484517
2017-09-21 06:00:00,282.26,283.35,287.53,280.0,16493.3214194
2017-09-21 03:00:00,283.22,282.26,283.22,278.75,13026.9193872
2017-09-21 00:00:00,283.58,283.21,286.13,278.71,25436.1386201
2017-09-20 21:00:00,288.72,283.5,289.87,283.5,11792.5956069
2017-09-20 18:00:00,290.41,288.44,292.06,284.25,21103.2442583
2017-09-20 15:00:00,291.58,290.48,294.0,289.99,20150.7306089
2017-09-20 12:00:00,284.0,291.52,294.0,283.6,26483.1315174
2017-09-20 09:00:00,284.7,284.0,285.0,281.01,14550.0957004
2017-09-20 06:00:00,281.88,284.7,288.8,279.39,20395.2862125
2017-09-20 03:00:00,281.95,281.58,282.53,277.0,18136.1801171
2017-09-20 00:00:00,282.64,281.94,285.01,281.29,14016.4355754
2017-09-19 21:00:00,281.82,282.63,286.7,278.01,19456.5953101
2017-09-19 18:00:00,287.59,281.81,289.58,279.6,28053.7754066
2017-09-19 15:00:00,287.35,287.64,292.36,286.46,23382.7428864
2017-09-19 12:00:00,287.7,287.29,292.58,283.11,32823.2608171
2017-09-19 09:00:00,285.0,287.66,289.97,283.45,23104.3915143
2017-09-19 06:00:00,279.92,285.1,289.08,279.66,44156.1267083
2017-09-19 03:00:00,290.0,279.97,290.0,275.0,41083.3591566
2017-09-19 00:00:00,296.82,290.0,299.0,286.01,57334.5717185
2017-09-18 21:00:00,288.05,296.81,297.0,287.25,28941.653762
2017-09-18 18:00:00,291.0,288.05,294.47,287.58,22287.0949239
2017-09-18 15:00:00,290.76,291.0,294.34,285.51,32976.4596403
2017-09-18 12:00:00,286.75,290.23,299.89,285.71,66819.5750602
2017-09-18 09:00:00,287.43,286.74,290.97,282.0,27687.2622206
2017-09-18 06:00:00,291.71,287.02,297.23,284.06,67807.7836243
2017-09-18 03:00:00,282.36,291.71,292.8,277.4,59818.4269709
2017-09-18 00:00:00,257.0,282.39,285.05,257.0,73481.9453353
2017-09-17 21:00:00,259.09,257.0,261.99,255.0,23221.8689802
2017-09-17 18:00:00,261.35,259.09,263.69,257.15,23902.0261973
2017-09-17 15:00:00,252.44,261.37,263.0,251.31,34413.3701581
2017-09-17 12:00:00,244.57,252.42,254.19,244.0,30924.6584925
2017-09-17 09:00:00,243.31,244.53,248.22,241.52,21472.6135312
2017-09-17 06:00:00,246.5,243.32,247.76,239.0,33322.3976992
2017-09-17 03:00:00,250.99,246.5,251.33,246.0,13290.2358357
2017-09-17 00:00:00,252.99,250.85,253.07,247.68,16799.2428538
2017-09-16 21:00:00,253.4,253.0,256.12,249.2,13999.0458195
2017-09-16 18:00:00,251.65,253.4,263.0,251.18,27265.1410268
2017-09-16 15:00:00,245.78,251.11,252.54,243.01,37860.4664587
2017-09-16 12:00:00,252.98,245.82,254.11,242.2,52763.8559918
2017-09-16 09:00:00,265.18,252.81,265.24,242.38,82002.3096411
2017-09-16 06:00:00,266.2,265.18,267.0,258.56,31694.263567
2017-09-16 03:00:00,257.97,266.22,270.0,257.81,37048.3324107
2017-09-16 00:00:00,258.25,257.94,263.5,256.99,26688.818566
2017-09-15 21:00:00,259.8,258.68,269.0,253.15,69797.41035
2017-09-15 18:00:00,248.56,259.06,264.2,242.62,82433.4155096
2017-09-15 15:00:00,252.38,248.5,258.68,238.26,176216.432377
2017-09-15 12:00:00,203.32,252.4,257.0,202.12,264698.493162
2017-09-15 09:00:00,221.0,203.23,225.0,198.0,146473.090395
2017-09-15 06:00:00,232.85,221.04,237.05,214.99,99899.1898952
2017-09-15 03:00:00,236.25,232.68,238.31,226.75,45255.2096517
2017-09-15 00:00:00,222.54,236.55,244.62,222.5,72215.857735
2017-09-14 21:00:00,237.99,222.5,238.0,221.71,76370.1253105
2017-09-14 18:00:00,226.52,238.0,244.78,222.94,92683.4943385
2017-09-14 15:00:00,247.05,226.52,247.59,226.06,98854.3687409
2017-09-14 12:00:00,248.73,247.39,254.49,231.0,184330.524858
2017-09-14 09:00:00,270.59,249.2,270.71,246.7,91309.5538682
2017-09-14 06:00:00,266.53,270.59,277.23,265.66,32011.9517493
2017-09-14 03:00:00,275.35,266.62,276.0,263.36,50557.9452712
2017-09-14 00:00:00,275.48,275.36,281.01,274.0,18387.8249756
2017-09-13 21:00:00,272.16,275.48,283.11,270.44,57721.8705432
2017-09-13 18:00:00,274.2,272.3,275.32,266.24,37448.7452889
2017-09-13 15:00:00,262.61,274.2,277.0,261.72,78122.7958472
2017-09-13 12:00:00,261.88,262.47,274.56,256.0,91779.7031009
2017-09-13 09:00:00,276.75,261.7,279.47,261.0,51708.6749733
2017-09-13 06:00:00,279.03,276.75,284.1,272.77,38315.793564
2017-09-13 03:00:00,281.35,279.03,286.45,269.72,72764.0639287
2017-09-13 00:00:00,293.75,281.35,294.16,281.0,22560.7547561
2017-09-12 21:00:00,294.0,293.9,297.28,290.15,21227.4127514
2017-09-12 18:00:00,297.32,294.0,297.32,283.0,64066.9083305
2017-09-12 15:00:00,304.73,296.61,306.0,296.61,24876.0641749
2017-09-12 12:00:00,310.28,304.77,311.1,303.9,25744.4166672
2017-09-12 09:00:00,307.8,310.21,312.52,305.88,19219.9299587
2017-09-12 06:00:00,308.04,307.8,316.73,303.23,55812.3791429
2017-09-12 03:00:00,301.38,307.79,314.0,301.01,32780.4191913
2017-09-12 00:00:00,297.2,301.3,302.0,295.98,18604.8999758
2017-09-11 21:00:00,295.2,297.19,297.96,294.06,7097.34024116
2017-09-11 18:00:00,297.89,295.2,299.6,293.65,12251.155019
2017-09-11 15:00:00,298.77,297.78,302.0,296.56,14029.0018467
2017-09-11 12:00:00,293.2,298.77,301.83,291.77,26492.6212384
2017-09-11 09:00:00,291.56,293.09,296.07,290.95,12818.9780023
2017-09-11 06:00:00,291.0,291.35,296.37,288.08,33443.0930882
2017-09-11 03:00:00,304.82,291.04,308.0,287.33,41184.8557732
2017-09-11 00:00:00,297.84,304.58,306.88,295.5,26883.8791224
2017-09-10 21:00:00,301.01,297.9,303.88,296.99,19920.8183329
2017-09-10 18:00:00,299.97,301.0,305.0,297.1,43270.6595191
2017-09-10 15:00:00,291.4,299.99,302.77,289.53,34599.7785596
2017-09-10 12:00:00,284.64,291.4,291.4,282.32,19676.3650882
2017-09-10 09:00:00,283.87,284.79,286.04,279.8,24206.2876949
2017-09-10 06:00:00,287.26,283.79,287.89,276.11,53379.6631489
2017-09-10 03:00:00,294.48,287.22,300.0,283.0,41057.8490882
2017-09-10 00:00:00,303.2,294.52,303.79,292.2,19225.0075538
2017-09-09 21:00:00,299.13,303.08,306.0,298.68,15175.2194492
2017-09-09 18:00:00,297.44,299.11,301.99,291.46,29105.9890084
2017-09-09 15:00:00,299.98,297.5,302.77,296.41,12443.0779412
2017-09-09 12:00:00,304.81,299.72,307.08,295.5,28675.5074127
2017-09-09 09:00:00,299.66,304.79,306.46,296.89,23635.8293471
2017-09-09 06:00:00,306.99,299.75,306.99,299.74,15530.0570529
2017-09-09 03:00:00,299.29,307.0,307.07,294.3,22076.2346265
2017-09-09 00:00:00,303.99,299.03,305.4,293.43,23406.63942
2017-09-08 21:00:00,298.41,304.0,309.47,291.0,30732.5381447
2017-09-08 18:00:00,303.58,298.4,309.02,292.1,54434.5691213
2017-09-08 15:00:00,304.14,303.57,315.0,295.55,78794.1839503
2017-09-08 12:00:00,330.12,304.11,331.4,293.99,101525.258275
2017-09-08 09:00:00,333.76,330.32,333.76,328.05,11301.5432304
2017-09-08 06:00:00,330.84,333.79,334.58,329.56,11979.8523627
2017-09-08 03:00:00,331.05,330.9,331.81,328.0,7291.13860709
2017-09-08 00:00:00,334.45,331.12,334.45,327.85,14267.2950751
2017-09-07 21:00:00,330.91,334.1,338.66,329.66,18297.4028716
2017-09-07 18:00:00,331.99,330.95,334.12,329.64,13662.3171837
2017-09-07 15:00:00,334.89,331.98,337.92,331.1,20568.7957777
2017-09-07 12:00:00,330.48,334.9,336.69,328.33,27570.1014856
2017-09-07 09:00:00,325.59,330.24,331.69,324.39,21118.051581
2017-09-07 06:00:00,328.2,325.59,328.21,321.6,14537.916086
2017-09-07 03:00:00,326.14,328.53,330.0,324.99,13164.2669674
2017-09-07 00:00:00,337.08,326.14,337.7,321.1,38014.4172521
2017-09-06 21:00:00,332.91,337.36,337.54,332.0,10585.9022396
2017-09-06 18:00:00,339.5,332.92,339.5,331.99,23953.6802725
2017-09-06 15:00:00,325.61,339.5,339.5,325.12,39042.0767155
2017-09-06 12:00:00,331.29,325.77,334.38,321.67,29728.3832912
2017-09-06 09:00:00,333.34,331.2,333.89,324.21,21980.3533413
2017-09-06 06:00:00,321.66,333.61,334.5,316.49,29079.2077927
2017-09-06 03:00:00,328.26,321.38,330.73,314.81,33452.7662523
2017-09-06 00:00:00,316.03,328.1,332.0,315.3,42954.3936356
2017-09-05 21:00:00,317.71,316.18,323.17,310.2,32163.5698945
2017-09-05 18:00:00,308.21,317.6,319.58,306.73,51241.0173113
2017-09-05 15:00:00,305.0,308.22,310.5,293.34,55512.6216563
2017-09-05 12:00:00,298.23,305.01,306.89,298.01,43858.9650378
2017-09-05 09:00:00,290.84,298.94,298.95,282.51,36836.923121
2017-09-05 06:00:00,273.87,291.06,298.97,273.87,41459.9067191
2017-09-05 03:00:00,283.33,274.03,284.93,270.0,46573.2555166
2017-09-05 00:00:00,295.82,283.39,299.0,267.64,75600.3188761
2017-09-04 21:00:00,304.58,295.81,313.5,291.41,43103.7724305
2017-09-04 18:00:00,278.69,304.6,309.9,278.4,71457.3410718
2017-09-04 15:00:00,281.85,278.71,291.4,275.0,92539.2603736
2017-09-04 12:00:00,299.63,281.94,302.8,278.4,107469.424929
2017-09-04 09:00:00,304.53,299.64,318.61,295.0,100648.160024
2017-09-04 06:00:00,340.81,304.89,340.81,300.04,133602.341961
2017-09-04 03:00:00,344.69,340.81,345.62,340.6,6314.39139205
2017-09-04 00:00:00,350.98,344.9,351.59,340.1,16378.562197
2017-09-03 21:00:00,344.76,350.63,351.46,341.26,17870.2652496
2017-09-03 18:00:00,345.96,344.81,347.37,341.5,15831.0671086
2017-09-03 15:00:00,331.55,345.97,346.36,330.84,28849.6681804
2017-09-03 12:00:00,339.71,332.0,345.59,328.33,33420.9745265
2017-09-03 09:00:00,355.58,339.55,355.58,335.4,28221.9977573
2017-09-03 06:00:00,366.0,355.18,368.4,353.71,30864.7046654
2017-09-03 03:00:00,348.4,366.0,367.0,348.26,30647.2648817
2017-09-03 00:00:00,345.0,348.39,353.2,341.0,27120.2208708
2017-09-02 21:00:00,328.43,345.0,345.0,325.1,34663.3044307
2017-09-02 18:00:00,344.99,328.08,345.01,328.0,38002.1168917
2017-09-02 15:00:00,341.38,344.89,347.5,332.0,38806.8334059
2017-09-02 12:00:00,358.51,341.59,361.02,336.01,36797.9086776
2017-09-02 09:00:00,362.72,358.99,363.24,349.06,32863.833266
2017-09-02 06:00:00,355.22,362.72,374.0,354.35,46064.3892951
2017-09-02 03:00:00,385.5,355.79,385.87,349.07,55889.294948
2017-09-02 00:00:00,390.13,385.6,390.77,382.02,26237.1044116
2017-09-01 21:00:00,389.82,390.35,391.38,385.6,10315.4519429
2017-09-01 18:00:00,393.69,389.98,394.9,388.11,15565.81352
2017-09-01 15:00:00,390.57,393.12,394.0,389.0,16922.8967021
2017-09-01 12:00:00,390.66,390.98,393.64,389.0,17441.9838549
2017-09-01 09:00:00,390.89,390.66,392.28,387.8,12522.254777
2017-09-01 06:00:00,386.09,390.98,392.9,383.6,16282.5340078
2017-09-01 03:00:00,392.33,386.34,395.03,384.98,23894.8182972
2017-09-01 00:00:00,387.3,392.31,394.17,385.94,19150.5101538
2017-08-31 21:00:00,387.0,387.3,389.0,385.3,11264.5658369
2017-08-31 18:00:00,386.9,387.34,388.0,380.66,16901.3572763
2017-08-31 15:00:00,387.74,386.89,389.0,384.0,14029.0478378
2017-08-31 12:00:00,385.08,387.79,390.0,384.26,24154.3656024
2017-08-31 09:00:00,381.15,385.1,385.97,380.73,8481.76613197
2017-08-31 06:00:00,383.16,381.68,383.44,380.57,6805.27973501
2017-08-31 03:00:00,384.65,382.81,385.26,381.08,7550.33992407
2017-08-31 00:00:00,382.31,384.75,384.8,380.1,9733.43867416
2017-08-30 21:00:00,385.88,382.78,386.44,380.03,11006.2097013
2017-08-30 18:00:00,386.26,386.0,388.19,383.5,11916.9007398
2017-08-30 15:00:00,377.76,386.05,388.9,376.36,24126.6212836
2017-08-30 12:00:00,374.69,377.76,388.0,374.18,27892.4882046
2017-08-30 09:00:00,378.83,374.85,378.96,365.1,37386.4648565
2017-08-30 06:00:00,382.88,379.25,390.1,373.5,47688.5392651
2017-08-30 03:00:00,374.42,382.88,383.52,372.5,17099.0784515
2017-08-30 00:00:00,372.34,374.11,376.0,368.5,12496.9558209
2017-08-29 21:00:00,372.95,372.0,375.98,371.71,20993.1763352
2017-08-29 18:00:00,371.91,372.98,373.0,365.89,22920.3549341
2017-08-29 15:00:00,363.84,372.0,373.75,363.44,23717.7204632
2017-08-29 12:00:00,358.88,363.89,366.9,358.55,24708.0657177
2017-08-29 09:00:00,357.51,358.89,368.0,356.19,51549.0129913
2017-08-29 06:00:00,353.98,357.51,358.33,350.5,19404.0144776
2017-08-29 03:00:00,348.05,353.98,353.98,347.17,14358.7798888
2017-08-29 00:00:00,347.19,348.05,348.68,346.42,3342.15977974
2017-08-28 21:00:00,343.74,347.09,349.97,343.41,15874.5198725
2017-08-28 18:00:00,342.85,343.81,344.88,342.51,4293.69326432
2017-08-28 15:00:00,344.3,342.69,345.01,342.0,8421.55419369
2017-08-28 12:00:00,340.96,344.3,344.76,340.3,10582.3589884
2017-08-28 09:00:00,340.01,340.96,343.0,337.64,10760.7671974
2017-08-28 06:00:00,336.9,340.01,341.1,336.55,7408.73734903
2017-08-28 03:00:00,348.11,336.96,348.6,332.74,27086.7945646
2017-08-28 00:00:00,348.01,347.99,352.0,344.0,27057.5267495
2017-08-27 21:00:00,338.35,348.01,348.01,338.04,13730.8825043
2017-08-27 18:00:00,339.94,338.4,342.0,336.71,12296.6767502
2017-08-27 15:00:00,334.85,340.21,340.49,334.23,25322.6540292
2017-08-27 12:00:00,335.62,334.86,335.99,333.61,16770.5639265
2017-08-27 09:00:00,333.03,335.66,336.0,332.63,6578.23622724
2017-08-27 06:00:00,334.3,333.09,335.7,331.88,11225.091276
2017-08-27 03:00:00,334.22,334.37,335.33,332.43,5875.37701954
2017-08-27 00:00:00,332.62,334.02,337.03,332.61,11788.892087
2017-08-26 21:00:00,332.18,332.72,332.85,330.46,4513.16071105
2017-08-26 18:00:00,329.75,332.19,333.56,328.62,12216.3128542
2017-08-26 15:00:00,330.62,329.75,330.65,327.41,9122.37689507
2017-08-26 12:00:00,329.14,330.58,334.6,325.18,18982.4028587
2017-08-26 09:00:00,329.78,329.15,330.35,328.0,10295.9191602
2017-08-26 06:00:00,325.88,329.5,330.0,324.9,12788.0896188
2017-08-26 03:00:00,326.11,325.78,328.0,324.5,8422.4269596
2017-08-26 00:00:00,328.71,326.11,330.2,324.55,13996.3176212
2017-08-25 21:00:00,328.79,328.7,332.0,327.4,8325.49550939
2017-08-25 18:00:00,335.0,328.79,335.16,324.04,17812.5848671
2017-08-25 15:00:00,332.9,335.0,337.64,332.49,24242.6849875
2017-08-25 12:00:00,330.69,332.9,333.55,329.94,8243.70168761
2017-08-25 09:00:00,333.32,330.75,333.33,329.1,7599.73263584
2017-08-25 06:00:00,333.3,333.33,334.4,330.0,8215.17157527
2017-08-25 03:00:00,329.53,333.3,338.25,325.9,23195.6526799
2017-08-25 00:00:00,325.55,329.55,329.55,324.4,10700.0912761
2017-08-24 21:00:00,321.33,325.62,326.06,320.89,12336.9316972
2017-08-24 18:00:00,322.07,321.33,324.71,321.1,5686.40717807
2017-08-24 15:00:00,323.41,322.13,324.8,319.44,15595.563159
2017-08-24 12:00:00,324.4,323.65,329.56,322.0,22103.151965
2017-08-24 09:00:00,322.0,324.4,325.1,318.62,11362.3201708
2017-08-24 06:00:00,318.3,322.0,322.2,317.5,10294.3379242
2017-08-24 03:00:00,315.42,318.5,318.9,314.14,6735.25557792
2017-08-24 00:00:00,316.48,315.59,318.42,315.0,9431.05166369
2017-08-23 21:00:00,316.33,316.5,317.81,314.4,8448.28992901
2017-08-23 18:00:00,319.42,316.56,320.87,312.0,23752.6388608
2017-08-23 15:00:00,318.5,319.43,320.97,317.23,14175.3607555
2017-08-23 12:00:00,320.0,318.5,321.28,315.31,13902.1483692
2017-08-23 09:00:00,322.14,319.95,324.78,319.5,13699.0593953
2017-08-23 06:00:00,318.96,322.12,322.7,315.85,10772.0648732
2017-08-23 03:00:00,315.24,318.61,325.0,313.49,22722.2813211
2017-08-23 00:00:00,312.81,315.29,316.51,311.65,7811.34393463
2017-08-22 21:00:00,313.99,312.54,317.0,311.27,11935.1675069
2017-08-22 18:00:00,316.05,314.0,317.08,308.4,16579.2532188
2017-08-22 15:00:00,306.96,316.15,327.0,306.57,34653.8253664
2017-08-22 12:00:00,309.22,306.9,311.21,303.59,19033.0967205
2017-08-22 09:00:00,298.4,309.21,311.15,298.35,21194.7163792
2017-08-22 06:00:00,306.34,298.59,309.26,285.01,36179.3356356
2017-08-22 03:00:00,315.91,306.34,317.79,291.7,70369.274284
2017-08-22 00:00:00,322.24,315.73,329.96,315.02,35752.8517247
2017-08-21 21:00:00,322.58,322.24,326.69,318.0,23020.706488
2017-08-21 18:00:00,330.42,322.58,331.94,321.01,34613.921641
2017-08-21 15:00:00,333.64,330.57,341.42,328.46,35166.0933425
2017-08-21 12:00:00,330.49,333.63,346.99,325.67,62906.5817549
2017-08-21 09:00:00,319.55,330.44,333.54,316.0,41466.37353
2017-08-21 06:00:00,314.61,319.4,327.77,312.25,86074.0513769
2017-08-21 03:00:00,298.12,314.67,314.85,297.68,37720.0359971
2017-08-21 00:00:00,298.37,298.09,299.52,294.53,9711.82567058
2017-08-20 21:00:00,294.4,298.37,299.0,294.02,9746.75710295
2017-08-20 18:00:00,296.26,294.45,297.0,293.87,14109.2136678
2017-08-20 15:00:00,293.57,296.46,296.5,291.06,21764.1296123
2017-08-20 12:00:00,295.24,293.57,297.28,291.65,7441.85962725
2017-08-20 09:00:00,294.7,295.09,296.0,293.0,6322.43328477
2017-08-20 06:00:00,291.1,294.7,295.31,291.1,8164.23170537
2017-08-20 03:00:00,291.33,291.24,292.97,290.17,7825.8732787
2017-08-20 00:00:00,292.78,291.22,292.8,286.96,11872.9834968
2017-08-19 21:00:00,292.5,292.78,295.0,289.43,15457.391128
2017-08-19 18:00:00,293.46,292.5,295.42,288.83,14394.1136971
2017-08-19 15:00:00,285.49,293.41,294.14,283.25,20598.6732987
2017-08-19 12:00:00,280.87,285.41,292.9,280.0,30841.1858222
2017-08-19 09:00:00,287.13,280.86,291.99,280.4,34387.7727516
2017-08-19 06:00:00,293.6,286.73,293.81,286.0,20340.5248111
2017-08-19 03:00:00,297.39,293.43,297.39,292.25,10369.6770441
2017-08-19 00:00:00,292.0,297.39,298.51,291.51,12286.8209577
2017-08-18 21:00:00,290.46,292.0,295.0,286.0,27153.6930603
2017-08-18 18:00:00,296.75,290.03,297.0,288.63,38789.2522583
2017-08-18 15:00:00,298.2,296.99,299.36,291.12,20377.1699434
2017-08-18 12:00:00,305.76,298.01,305.99,295.0,15904.0919165
2017-08-18 09:00:00,302.8,305.61,307.0,301.56,10491.7836788
2017-08-18 06:00:00,303.5,302.91,305.11,301.35,11591.237354
2017-08-18 03:00:00,300.58,303.5,304.49,297.99,13894.9778577
2017-08-18 00:00:00,299.22,300.58,301.66,293.0,27479.2353613
2017-08-17 21:00:00,303.33,299.0,304.61,298.4,7379.93906434
2017-08-17 18:00:00,300.65,303.36,303.5,297.01,19409.8147496
2017-08-17 15:00:00,305.93,300.59,308.0,298.21,34343.8108051
2017-08-17 12:00:00,308.41,306.18,309.84,305.3,14759.9077678
2017-08-17 09:00:00,308.35,308.4,312.0,306.33,19943.2632832
2017-08-17 06:00:00,302.4,308.34,310.12,301.7,18424.756341
2017-08-17 03:00:00,301.37,302.39,302.41,297.56,7624.25884928
2017-08-17 00:00:00,301.32,301.4,306.94,299.61,15254.4071811
2017-08-16 21:00:00,299.91,301.34,302.5,298.96,9644.98543975
2017-08-16 18:00:00,300.56,300.23,302.0,297.7,12776.2016726
2017-08-16 15:00:00,300.17,300.27,304.0,295.3,26015.5820208
2017-08-16 12:00:00,295.69,300.15,302.0,293.61,32299.7921109
2017-08-16 09:00:00,287.68,295.81,297.99,285.5,24963.551185
2017-08-16 06:00:00,283.46,287.68,287.82,279.94,19179.7123355
2017-08-16 03:00:00,282.82,283.46,286.86,281.01,11822.311716
2017-08-16 00:00:00,286.0,282.73,288.96,281.63,14026.1234993
2017-08-15 21:00:00,282.44,286.0,286.75,279.82,10022.2573824
2017-08-15 18:00:00,284.97,282.38,286.58,277.71,20212.65456
2017-08-15 15:00:00,276.89,284.97,284.97,275.84,26767.1618321
2017-08-15 12:00:00,286.98,276.89,287.45,272.29,41380.074131
2017-08-15 09:00:00,292.49,286.99,293.04,281.03,31065.6751851
2017-08-15 06:00:00,291.65,292.38,296.15,287.03,15069.6401624
2017-08-15 03:00:00,292.95,291.82,293.02,290.0,16662.5496252
2017-08-15 00:00:00,298.6,292.85,299.91,291.0,19044.6558288
2017-08-14 21:00:00,297.82,298.22,300.01,295.1,11473.8410921
2017-08-14 18:00:00,296.5,297.81,301.2,294.48,13436.5394415
2017-08-14 15:00:00,298.62,296.49,299.11,293.99,16896.6257368
2017-08-14 12:00:00,302.21,298.59,303.04,295.95,14882.0199263
2017-08-14 09:00:00,301.0,302.13,305.41,298.34,8788.88433704
2017-08-14 06:00:00,302.11,301.0,306.02,298.01,9562.43857066
2017-08-14 03:00:00,303.79,302.1,304.08,299.01,13998.9184423
2017-08-14 00:00:00,296.76,303.79,306.48,294.09,17293.7533708
2017-08-13 21:00:00,295.03,296.64,297.71,292.65,11115.0827805
2017-08-13 18:00:00,289.98,295.01,295.02,288.61,15383.5395361
2017-08-13 15:00:00,289.47,289.91,298.17,288.62,20763.4857896
2017-08-13 12:00:00,292.17,289.69,293.11,287.0,17220.6250289
2017-08-13 09:00:00,297.46,292.42,298.82,288.63,12290.3486905
2017-08-13 06:00:00,295.98,297.48,301.3,288.6,21715.2039785
2017-08-13 03:00:00,300.98,295.76,304.12,294.0,19517.213078
2017-08-13 00:00:00,307.19,300.71,308.0,285.21,48896.3323258
2017-08-12 21:00:00,307.38,307.22,309.75,299.0,32005.6237893
2017-08-12 18:00:00,315.09,307.38,315.78,305.41,22105.9118604
2017-08-12 15:00:00,314.61,315.11,319.78,312.95,27214.1971415
2017-08-12 12:00:00,309.86,314.72,315.23,307.4,10507.1152345
2017-08-12 09:00:00,308.73,309.9,313.18,306.31,13121.0118395
2017-08-12 06:00:00,314.24,308.81,314.8,308.11,13162.6850621
2017-08-12 03:00:00,311.69,314.23,316.29,310.03,12045.8447609
2017-08-12 00:00:00,308.82,311.9,319.0,308.78,30627.2854063
2017-08-11 21:00:00,300.55,308.81,310.42,299.3,26844.3061827
2017-08-11 18:00:00,303.05,300.55,304.64,298.0,14908.5458327
2017-08-11 15:00:00,297.18,303.01,303.78,297.16,16550.943663
2017-08-11 12:00:00,300.3,297.12,300.88,295.1,18454.595779
2017-08-11 09:00:00,299.78,300.75,301.71,297.32,13234.5113371
2017-08-11 06:00:00,303.2,299.8,303.91,299.33,11045.2891296
2017-08-11 03:00:00,301.5,303.65,304.88,299.0,14000.2302673
2017-08-11 00:00:00,295.91,301.53,303.0,294.0,15433.1037855
2017-08-10 21:00:00,301.98,295.97,306.44,295.0,17091.5631004
2017-08-10 18:00:00,307.99,301.82,308.0,299.0,24090.7139303
2017-08-10 15:00:00,305.54,308.0,310.05,304.6,19655.5879513
2017-08-10 12:00:00,305.57,305.39,307.97,302.7,19977.7380304
2017-08-10 09:00:00,298.0,305.57,305.6,297.61,17875.2345389
2017-08-10 06:00:00,297.31,298.0,300.66,293.27,23129.406283
2017-08-10 03:00:00,290.46,297.31,297.31,288.9,15556.0566459
2017-08-10 00:00:00,293.99,290.42,298.58,287.6,18464.8543905
2017-08-09 21:00:00,301.09,293.99,304.0,290.0,31380.0440422
2017-08-09 18:00:00,296.17,301.18,303.0,292.07,22475.6722484
2017-08-09 15:00:00,279.31,296.08,296.37,278.7,45453.8621797
2017-08-09 12:00:00,296.0,279.34,297.94,277.0,61400.5165414
2017-08-09 09:00:00,300.1,296.0,300.36,281.99,94539.5571921
2017-08-09 06:00:00,308.62,300.1,313.0,298.1,34288.4918394
2017-08-09 03:00:00,308.87,308.6,316.0,305.0,34246.0318206
2017-08-09 00:00:00,295.8,308.87,314.0,295.0,77844.8253691
2017-08-08 21:00:00,295.44,295.83,299.5,292.29,32988.2105889
2017-08-08 18:00:00,284.99,295.44,296.0,284.99,34257.0204526
2017-08-08 15:00:00,286.24,285.0,289.06,282.0,31517.4085178
2017-08-08 12:00:00,278.3,286.43,288.5,278.29,39011.8800313
2017-08-08 09:00:00,273.73,278.3,279.0,272.77,25635.5932758
2017-08-08 06:00:00,270.45,273.73,273.9,270.0,8378.32918685
2017-08-08 03:00:00,271.06,270.45,273.33,269.23,20735.9781354
2017-08-08 00:00:00,269.5,271.13,274.44,265.0,16086.4325843
2017-08-07 21:00:00,265.62,269.51,271.06,264.08,18609.4374024
2017-08-07 18:00:00,269.14,265.61,269.88,263.83,15510.0748087
2017-08-07 15:00:00,272.55,269.17,272.95,266.99,15933.0856776
2017-08-07 12:00:00,271.29,272.56,274.6,269.5,26841.9566808
2017-08-07 09:00:00,261.4,271.24,272.5,261.0,28316.8843207
2017-08-07 06:00:00,264.23,261.39,265.06,259.47,10200.9122731
2017-08-07 03:00:00,261.54,264.41,266.7,261.12,10331.2253946
2017-08-07 00:00:00,264.31,261.36,266.98,257.32,20664.7415091
2017-08-06 21:00:00,271.5,264.29,271.5,263.74,28368.3951135
2017-08-06 18:00:00,265.24,271.49,271.5,263.0,27837.169422
2017-08-06 15:00:00,261.1,265.33,268.0,258.34,31256.1570238
2017-08-06 12:00:00,258.53,261.12,261.31,254.78,17715.6763795
2017-08-06 09:00:00,254.61,258.97,261.0,254.61,12171.2382524
2017-08-06 06:00:00,254.89,255.0,257.78,251.0,15558.0548693
2017-08-06 03:00:00,260.24,254.92,261.4,251.15,27643.6145804
2017-08-06 00:00:00,253.88,260.2,266.4,252.01,50825.8431232
2017-08-05 21:00:00,250.23,253.87,254.0,242.72,23493.3992145
2017-08-05 18:00:00,254.01,250.25,256.8,245.69,32611.9248789
2017-08-05 15:00:00,243.23,254.0,259.9,241.2,49500.2427938
2017-08-05 12:00:00,239.0,243.26,244.15,238.5,17912.6698176
2017-08-05 09:00:00,234.23,239.02,244.4,232.5,35819.2907627
2017-08-05 06:00:00,229.23,234.19,236.8,229.15,25836.5830634
2017-08-05 03:00:00,223.42,229.29,231.45,223.03,37916.8774351
2017-08-05 00:00:00,220.73,223.25,223.49,219.23,12411.2405452
2017-08-04 21:00:00,221.25,220.73,222.07,218.66,9261.8180348
2017-08-04 18:00:00,220.91,221.26,222.16,219.08,7404.01709579
2017-08-04 15:00:00,222.65,220.9,222.91,220.66,6821.26889239
2017-08-04 12:00:00,222.39,222.87,225.1,220.63,8774.44855796
2017-08-04 09:00:00,224.39,222.41,225.26,219.8,16369.9921254
2017-08-04 06:00:00,224.36,224.4,225.48,222.43,6530.18506145
2017-08-04 03:00:00,225.33,224.5,226.19,221.5,13790.7721277
2017-08-04 00:00:00,224.77,225.64,228.3,222.9,14873.0829891
2017-08-03 21:00:00,224.62,224.79,226.15,223.0,7200.32485827
2017-08-03 18:00:00,222.6,224.62,225.9,222.49,8973.42548258
2017-08-03 15:00:00,224.6,222.59,225.37,222.0,12707.3938948
2017-08-03 12:00:00,226.46,224.6,228.2,223.32,16067.9826436
2017-08-03 09:00:00,222.99,226.46,227.0,222.66,16477.6349336
2017-08-03 06:00:00,220.24,222.97,224.27,219.37,16066.031831
2017-08-03 03:00:00,218.39,220.2,220.6,217.07,11364.2074659
2017-08-03 00:00:00,218.01,218.39,219.85,217.31,7688.98993881
2017-08-02 21:00:00,216.96,218.0,218.57,215.0,18540.8639986
2017-08-02 18:00:00,221.99,216.96,222.31,216.72,15259.2964899
2017-08-02 15:00:00,217.85,222.46,223.84,215.1,26415.7478465
2017-08-02 12:00:00,221.29,217.43,221.96,215.1,30172.6841406
2017-08-02 09:00:00,223.77,221.31,223.79,217.44,23862.9396383
2017-08-02 06:00:00,225.4,223.79,226.07,219.96,23399.0917577
2017-08-02 03:00:00,226.47,225.4,226.9,224.35,8073.8284765
2017-08-02 00:00:00,225.98,226.47,229.7,223.0,13925.6299458
2017-08-01 21:00:00,230.16,225.97,230.19,223.2,15551.016392
2017-08-01 18:00:00,220.71,230.23,232.59,219.6,52024.1338321
2017-08-01 15:00:00,219.41,220.71,223.01,212.14,28811.7854287
2017-08-01 12:00:00,208.48,219.41,221.82,203.26,72307.1842131
2017-08-01 09:00:00,214.33,208.45,216.01,207.55,24104.680085
2017-08-01 06:00:00,218.29,214.5,224.62,210.27,54893.4045773
2017-08-01 03:00:00,206.06,218.28,218.89,205.37,55931.2163949
2017-08-01 00:00:00,200.82,206.08,211.01,200.8,49849.2019432
2017-07-31 21:00:00,199.5,200.81,201.08,196.76,12742.5629929
2017-07-31 18:00:00,196.66,199.5,201.5,196.62,21050.3886777
2017-07-31 15:00:00,192.36,196.79,198.15,192.36,15469.6261856
2017-07-31 12:00:00,190.76,192.12,195.59,188.12,26249.0365429
2017-07-31 09:00:00,193.87,190.75,194.65,190.75,14182.5223325
2017-07-31 06:00:00,194.76,193.87,197.64,193.69,17096.7490917
2017-07-31 03:00:00,194.59,194.76,195.0,194.02,10254.4284709
2017-07-31 00:00:00,195.3,194.71,195.3,190.72,10109.1353828
2017-07-30 21:00:00,196.91,195.31,196.98,193.24,9761.49034825
2017-07-30 18:00:00,196.58,196.82,200.7,196.0,21235.7172036
2017-07-30 15:00:00,198.77,196.61,199.59,194.35,21943.8441105
2017-07-30 12:00:00,200.89,198.53,203.16,195.16,18258.3692677
2017-07-30 09:00:00,195.46,200.89,201.4,195.23,16470.3702414
2017-07-30 06:00:00,198.65,195.5,200.25,192.21,22162.7885365
2017-07-30 03:00:00,200.46,198.43,204.48,198.01,15150.9837609
2017-07-30 00:00:00,206.77,200.42,210.76,198.64,24851.9188239
2017-07-29 21:00:00,197.86,206.76,213.0,194.66,42283.8410773
2017-07-29 18:00:00,187.12,197.84,204.49,186.78,70910.0294934
2017-07-29 15:00:00,180.55,187.12,188.06,180.4,26426.2054674
2017-07-29 12:00:00,182.36,180.64,184.34,179.42,15146.1046519
2017-07-29 09:00:00,184.17,182.07,184.8,176.95,38309.5428355
2017-07-29 06:00:00,184.84,184.2,186.15,182.0,12162.2234965
2017-07-29 03:00:00,188.95,185.07,196.86,181.37,29303.0195491
2017-07-29 00:00:00,191.41,189.15,193.01,186.05,13494.207425
2017-07-28 21:00:00,194.6,191.2,195.0,189.68,10987.3714992
2017-07-28 18:00:00,193.67,194.58,194.93,192.15,9685.92135727
2017-07-28 15:00:00,196.57,193.6,196.59,191.27,14462.3069006
2017-07-28 12:00:00,190.01,196.7,196.83,189.0,38387.6583738
2017-07-28 09:00:00,199.68,190.04,200.74,188.1,42850.3760387
2017-07-28 06:00:00,202.82,199.7,203.52,198.47,13389.3623222
2017-07-28 03:00:00,202.22,202.69,203.18,200.22,4889.32912918
2017-07-28 00:00:00,202.55,202.3,204.19,201.5,6676.28245961
2017-07-27 21:00:00,198.93,202.54,205.3,198.82,25925.7792996
2017-07-27 18:00:00,201.04,198.92,201.16,197.95,17294.5976707
2017-07-27 15:00:00,200.0,201.03,201.47,197.86,16196.0533694
2017-07-27 12:00:00,204.54,200.01,205.5,200.0,12391.3746612
2017-07-27 09:00:00,201.51,204.54,206.65,201.5,17426.4661368
2017-07-27 06:00:00,202.25,201.44,202.57,199.47,6179.19758273
2017-07-27 03:00:00,200.58,202.36,204.0,199.84,6990.11622658
2017-07-27 00:00:00,203.33,200.62,207.0,199.3,15192.0485921
2017-07-26 21:00:00,200.67,203.33,203.8,196.22,28887.3236477
2017-07-26 18:00:00,197.74,200.67,200.98,197.0,14023.2882454
2017-07-26 15:00:00,199.92,197.73,200.35,191.82,44629.8945727
2017-07-26 12:00:00,204.45,200.01,206.41,198.0,20507.9577095
2017-07-26 09:00:00,200.96,204.53,205.9,195.29,17837.0323666
2017-07-26 06:00:00,194.15,200.96,202.76,191.76,22995.4701113
2017-07-26 03:00:00,198.48,194.4,202.52,193.72,20503.0764924
2017-07-26 00:00:00,202.88,198.46,209.59,195.37,26850.9026109
2017-07-25 21:00:00,193.15,202.7,207.2,190.9,50965.9201758
2017-07-25 18:00:00,205.13,192.94,205.14,190.49,68192.7563789
2017-07-25 15:00:00,206.55,205.14,208.97,201.61,21215.5725509
2017-07-25 12:00:00,205.4,206.55,210.67,202.0,35284.3989728
2017-07-25 09:00:00,214.93,205.11,217.38,201.35,57419.0271662
2017-07-25 06:00:00,224.6,214.91,225.63,210.0,66772.4251367
2017-07-25 03:00:00,225.53,224.52,226.52,223.75,5581.06515349
2017-07-25 00:00:00,226.63,225.53,227.69,224.77,4762.90371832
2017-07-24 21:00:00,226.71,226.59,227.56,225.21,3245.91244063
2017-07-24 18:00:00,225.14,226.71,228.4,224.89,6695.80147601
2017-07-24 15:00:00,228.69,225.15,229.2,224.08,13954.3956066
2017-07-24 12:00:00,227.13,228.69,230.2,225.15,12186.9410982
2017-07-24 09:00:00,226.0,227.14,228.64,225.63,11127.8575227
2017-07-24 06:00:00,224.66,226.0,226.0,224.15,13316.3786486
2017-07-24 03:00:00,231.3,224.51,232.56,223.64,36790.3997655
2017-07-24 00:00:00,228.22,231.3,231.3,226.5,4423.68160852
2017-07-23 21:00:00,231.65,228.15,233.0,226.5,10945.594397
2017-07-23 18:00:00,231.08,231.56,232.9,229.29,10375.9343408
2017-07-23 15:00:00,229.0,231.08,231.61,227.03,7908.32279871
2017-07-23 12:00:00,220.54,229.0,231.55,220.1,20212.0849255
2017-07-23 09:00:00,224.77,220.45,227.0,219.0,15154.637034
2017-07-23 06:00:00,228.25,224.84,229.3,222.0,12292.5951479
2017-07-23 03:00:00,231.76,228.21,232.95,222.68,25863.7481328
2017-07-23 00:00:00,232.41,231.62,236.57,230.14,14834.4923579
2017-07-22 21:00:00,226.5,232.01,237.19,226.5,41023.6489113
2017-07-22 18:00:00,226.51,226.53,227.32,224.55,5504.84187032
2017-07-22 15:00:00,226.17,226.51,228.0,223.81,12890.7163916
2017-07-22 12:00:00,227.88,226.09,234.23,223.31,21057.1702977
2017-07-22 09:00:00,224.9,227.82,231.51,223.81,27805.2327213
2017-07-22 06:00:00,224.34,224.9,229.1,221.63,17530.0463463
2017-07-22 03:00:00,223.55,224.35,230.58,219.57,12894.4305397
2017-07-22 00:00:00,216.09,223.08,224.99,214.35,20543.7506024
2017-07-21 21:00:00,211.33,216.11,220.4,210.18,20758.791738
2017-07-21 18:00:00,219.2,211.34,224.32,208.0,49356.3054607
2017-07-21 15:00:00,224.42,219.03,226.02,215.96,39124.5032856
2017-07-21 12:00:00,226.75,224.42,230.74,222.72,21969.3214538
2017-07-21 09:00:00,228.6,226.63,239.0,223.91,28273.2673599
2017-07-21 06:00:00,231.95,228.33,239.0,227.52,36679.321509
2017-07-21 03:00:00,227.7,231.93,232.89,224.76,18949.1099794
2017-07-21 00:00:00,227.3,227.69,228.18,218.75,29557.0418755
2017-07-20 21:00:00,229.66,227.29,229.96,214.01,66685.2432123
2017-07-20 18:00:00,224.0,229.66,233.15,216.98,66846.4041039
2017-07-20 15:00:00,227.07,224.0,235.3,223.83,54814.415192
2017-07-20 12:00:00,224.52,227.06,238.0,219.0,148414.498716
2017-07-20 09:00:00,207.33,224.51,227.43,204.24,69749.9940037
2017-07-20 06:00:00,211.52,207.33,211.97,200.44,32401.1697136
2017-07-20 03:00:00,220.0,211.6,221.99,204.43,64419.062518
2017-07-20 00:00:00,194.63,220.0,223.51,194.63,101842.030164
2017-07-19 21:00:00,203.3,194.63,208.68,187.0,115813.803805
2017-07-19 18:00:00,219.07,203.3,219.07,192.0,182533.972325
2017-07-19 15:00:00,225.75,218.79,231.0,218.2,50798.0870962
2017-07-19 12:00:00,228.19,225.67,229.0,214.0,78938.1713873
2017-07-19 09:00:00,232.73,228.0,237.71,224.61,49042.1097141
2017-07-19 06:00:00,236.7,232.85,245.61,230.01,57655.5157144
2017-07-19 03:00:00,215.5,236.7,236.89,214.93,67951.962063
2017-07-19 00:00:00,226.61,215.48,227.0,210.16,63667.0065664
2017-07-18 21:00:00,243.84,226.56,244.79,216.39,146658.125976
2017-07-18 18:00:00,206.25,243.84,258.0,205.93,237401.16483
2017-07-18 15:00:00,208.28,206.26,212.0,197.12,109522.704192
2017-07-18 12:00:00,191.67,208.5,208.5,189.9,67830.0662996
2017-07-18 09:00:00,187.8,191.21,193.85,185.5,36659.8109916
2017-07-18 06:00:00,188.88,187.75,194.17,186.69,51810.257593
2017-07-18 03:00:00,184.69,189.21,190.07,177.5,33944.3063896
2017-07-18 00:00:00,190.16,184.42,191.6,180.01,37393.6647147
2017-07-17 21:00:00,181.37,190.16,190.61,178.0,61456.1551562
2017-07-17 18:00:00,174.98,181.35,185.55,172.4,51439.9104026
2017-07-17 15:00:00,173.06,174.5,177.97,166.75,54002.4682792
