MTS,OPEN,CLOSE,HIGH,LOW,VOLUME
2017-11-18,0.043111,0.043399,0.043997,0.042389,47212.4201349
2017-11-17,0.041999,0.04309,0.04383,0.041054,113874.816669
2017-11-16,0.045592,0.041999,0.04633,0.040475,117051.167838
2017-11-15,0.050841,0.04555,0.05088,0.044928,117444.34665
2017-11-14,0.0483,0.050841,0.052,0.0474,145094.200665
2017-11-13,0.052149,0.0483,0.054406,0.046226,184663.934145
2017-11-12,0.0496,0.052149,0.0545,0.046739,340657.604162
2017-11-11,0.045211,0.049583,0.0514,0.04414,181572.218089
2017-11-10,0.044811,0.045208,0.0468,0.043684,129878.57998
2017-11-09,0.04131,0.044806,0.04618,0.041257,133799.433766
2017-11-08,0.041006,0.041319,0.0455,0.038234,180470.251964
2017-11-07,0.042707,0.04102,0.04271,0.040588,97502.1189384
2017-11-06,0.040054,0.042697,0.043416,0.03989,122030.768315
2017-11-05,0.040658,0.040044,0.041001,0.039,78417.0104033
2017-11-04,0.042592,0.040638,0.04307,0.039827,83998.8608708
2017-11-03,0.04055,0.042592,0.043469,0.039287,131190.454517
2017-11-02,0.042839,0.040565,0.044,0.037625,190571.692889
2017-11-01,0.047069,0.042847,0.047736,0.042765,108829.324107
2017-10-31,0.050047,0.047069,0.05084,0.046714,64597.2683892
2017-10-30,0.049489,0.050054,0.050786,0.04933,44136.1625839
2017-10-29,0.05133,0.049478,0.054933,0.048621,83698.5168952
2017-10-28,0.051458,0.051333,0.051999,0.050421,32630.6292435
2017-10-27,0.050043,0.051457,0.051977,0.049545,42519.2083201
2017-10-26,0.051639,0.050012,0.0521,0.04923,52216.4880587
2017-10-25,0.053811,0.051563,0.054388,0.051298,50299.7838519
2017-10-24,0.04831,0.053846,0.055988,0.048227,136284.02773
2017-10-23,0.04911,0.04831,0.049355,0.047421,111901.218929
2017-10-22,0.049853,0.049053,0.05145,0.04875,65102.5626734
2017-10-21,0.050523,0.049852,0.050966,0.047136,103697.442262
2017-10-20,0.053871,0.050522,0.054371,0.050011,79669.0141231
2017-10-19,0.056262,0.053882,0.0564,0.053535,53929.6378208
2017-10-18,0.056435,0.056236,0.05768,0.05551,55665.1618678
2017-10-17,0.0579,0.056442,0.058881,0.0557,54535.9493253
2017-10-16,0.059078,0.057894,0.062214,0.0577,81063.0166785
2017-10-15,0.058054,0.059103,0.060825,0.05746,73367.2519889
2017-10-14,0.059761,0.058049,0.061936,0.057511,67733.6309313
2017-10-13,0.055654,0.059896,0.062489,0.05083,162377.107489
2017-10-12,0.06288,0.055641,0.06364,0.055609,112058.456927
2017-10-11,0.062729,0.06286,0.063758,0.061666,40058.9706794
2017-10-10,0.062238,0.06273,0.063693,0.0602,75727.9647104
2017-10-09,0.067161,0.062274,0.067498,0.058601,168558.617227
2017-10-08,0.070212,0.06717,0.07041,0.066582,43152.6220288
2017-10-07,0.070658,0.070219,0.07189,0.070061,29824.0769633
2017-10-06,0.068365,0.070669,0.070937,0.067825,36854.248918
2017-10-05,0.06916,0.068365,0.069914,0.067825,35106.2003052
2017-10-04,0.067752,0.069144,0.069746,0.06751,44581.2009932
2017-10-03,0.067545,0.067732,0.068697,0.067155,46597.1659043
2017-10-02,0.068995,0.06756,0.069,0.066954,71262.4637835
2017-10-01,0.069505,0.068953,0.070003,0.068911,36764.3275663
2017-09-30,0.070249,0.069515,0.070758,0.0695,34808.6690939
2017-09-29,0.072227,0.070202,0.072556,0.06923,50933.5928869
2017-09-28,0.073655,0.072291,0.074001,0.071732,45874.6777178
2017-09-27,0.074408,0.073652,0.074425,0.072121,44243.3452403
2017-09-26,0.075159,0.07432,0.07532,0.073705,35225.3013761
2017-09-25,0.077096,0.075159,0.07723,0.075,56212.0420205
2017-09-24,0.075663,0.0771,0.07801,0.075631,66737.4200769
2017-09-23,0.072811,0.075663,0.075775,0.0721,36724.2212732
2017-09-22,0.07134,0.07289,0.073,0.071042,36301.7611658
2017-09-21,0.073254,0.07134,0.073823,0.070459,61308.119804
2017-09-20,0.072524,0.07325,0.073263,0.0721,29216.0937045
2017-09-19,0.072729,0.07257,0.073236,0.071499,50771.6028954
2017-09-18,0.069898,0.07273,0.07575,0.069885,72030.9737135
2017-09-17,0.06873,0.06991,0.07035,0.068331,32667.3028194
2017-09-16,0.06975,0.06873,0.07013,0.068159,56212.2590472
2017-09-15,0.068915,0.069749,0.07134,0.066875,130647.872841
2017-09-14,0.071392,0.068941,0.071699,0.067033,113315.55731
2017-09-13,0.070796,0.071392,0.071722,0.06781,60029.6416627
2017-09-12,0.07076,0.070744,0.0725,0.069953,47111.8185102
2017-09-11,0.070392,0.0709,0.07105,0.069566,32504.9790376
2017-09-10,0.070176,0.070328,0.07105,0.068708,41084.4273272
2017-09-09,0.07071,0.070176,0.070985,0.069325,39586.2029517
2017-09-08,0.072538,0.07071,0.072573,0.069001,57860.6220046
2017-09-07,0.073408,0.07245,0.07351,0.071276,43241.139368
2017-09-06,0.072217,0.073419,0.074228,0.072044,50291.2697823
2017-09-05,0.070478,0.07224,0.0746,0.068125,81229.0168653
2017-09-04,0.076262,0.070361,0.076409,0.066233,125095.34673
2017-09-03,0.076336,0.076333,0.078449,0.07499,43653.2364264
2017-09-02,0.079546,0.076252,0.07984,0.073171,77348.1995211
2017-09-01,0.08199,0.07955,0.083314,0.079301,47754.8127492
2017-08-31,0.083698,0.081976,0.083918,0.081163,40763.7065354
2017-08-30,0.08123,0.083704,0.084822,0.08025,49653.3478908
2017-08-29,0.079351,0.081192,0.0845,0.079008,65612.5070624
2017-08-28,0.080345,0.079384,0.08175,0.078661,50417.5073057
2017-08-27,0.07664,0.080345,0.080345,0.076057,38203.1174468
2017-08-26,0.07562,0.076588,0.078313,0.0744,32441.0227802
2017-08-25,0.075395,0.075624,0.077649,0.074275,53967.6043783
2017-08-24,0.076557,0.075395,0.07906,0.074191,61994.5456429
2017-08-23,0.07664,0.076557,0.079264,0.074954,51196.7084712
2017-08-22,0.080364,0.076656,0.085,0.075,82766.7118791
2017-08-21,0.073442,0.080364,0.086711,0.072359,125176.767455
2017-08-20,0.07067,0.073403,0.07367,0.070278,38606.6179498
2017-08-19,0.071223,0.070691,0.073433,0.07,63024.1378827
2017-08-18,0.070141,0.071223,0.07317,0.069131,58027.9118759
2017-08-17,0.068741,0.070099,0.07141,0.06853,55695.1761962
2017-08-16,0.068778,0.06871,0.07399,0.06848,48939.0624183
2017-08-15,0.069024,0.068762,0.071846,0.065629,76304.0116071
2017-08-14,0.073084,0.069168,0.076242,0.06851,51943.2894501
2017-08-13,0.07945,0.073072,0.079705,0.068342,98021.6667692
2017-08-12,0.084658,0.079545,0.087364,0.07944,42811.2520936
2017-08-11,0.086949,0.084657,0.088412,0.08296,44120.6391751
2017-08-10,0.08825,0.086944,0.090649,0.086,32937.7580503
2017-08-09,0.086749,0.08827,0.09374,0.084941,89800.70098
2017-08-08,0.079466,0.08654,0.087796,0.078473,63892.3664207
2017-08-07,0.082008,0.079466,0.0825,0.078755,39596.3316221
2017-08-06,0.077912,0.081818,0.083618,0.07731,50052.5239514
2017-08-05,0.0773,0.077912,0.078549,0.07125,65738.4277765
2017-08-04,0.080635,0.07722,0.08179,0.075431,54985.8624643
2017-08-03,0.080568,0.080615,0.08483,0.08,46281.511858
2017-08-02,0.082875,0.080521,0.084246,0.079402,54391.1454672
2017-08-01,0.070639,0.08288,0.085,0.070351,134894.27102
2017-07-31,0.070872,0.07027,0.07274,0.067,72853.6105049
2017-07-30,0.075951,0.070961,0.078045,0.07039,60880.472331
2017-07-29,0.068598,0.075853,0.078548,0.066,78821.8245824
2017-07-28,0.076217,0.068542,0.07623,0.0671,143037.376661
2017-07-27,0.080333,0.076222,0.080514,0.07599,68328.2044099
2017-07-26,0.079302,0.080333,0.081,0.078001,42529.8046844
2017-07-25,0.081872,0.079419,0.081872,0.07601,54224.5617058
2017-07-24,0.083159,0.081882,0.083509,0.081491,37969.9548892
2017-07-23,0.081796,0.083165,0.084223,0.080661,41887.1811513
2017-07-22,0.081312,0.081795,0.084387,0.079296,36343.5508496
2017-07-21,0.07946,0.081312,0.087365,0.07808,64544.7452728
2017-07-20,0.086401,0.0795,0.095,0.073373,103075.700541
2017-07-19,0.098529,0.086401,0.10281,0.083295,104589.16938
2017-07-18,0.085468,0.098529,0.10999,0.082691,110838.794194
2017-07-17,0.081418,0.085465,0.086378,0.080587,52035.3274736
2017-07-16,0.08589,0.081419,0.08614,0.074082,114193.086282
2017-07-15,0.089182,0.08589,0.091087,0.085505,60814.435776
2017-07-14,0.087841,0.089203,0.08999,0.08308,42098.4580395
2017-07-13,0.094247,0.087831,0.095,0.0831,58293.6608049
2017-07-12,0.08269,0.094244,0.09437,0.080657,83279.9701975
2017-07-11,0.087196,0.08269,0.09098,0.07512,152038.185833
2017-07-10,0.094894,0.087196,0.09547,0.083731,127265.282413
2017-07-09,0.096372,0.094699,0.0979,0.092945,41123.9031869
2017-07-08,0.096263,0.096379,0.098303,0.093165,51877.7743451
2017-07-07,0.10235,0.09633,0.103,0.0956,50200.3362867
2017-07-06,0.10197,0.10223,0.10599,0.10059,41513.5944247
2017-07-05,0.10313,0.10197,0.10543,0.098289,49937.7569976
2017-07-04,0.10842,0.10306,0.10941,0.10302,38088.6724405
2017-07-03,0.1133,0.10842,0.11345,0.10785,43943.7565215
2017-07-02,0.10877,0.11325,0.11663,0.10613,40551.7466965
2017-07-01,0.11421,0.1086,0.11458,0.10513,63227.7711461
2017-06-30,0.11566,0.1142,0.12171,0.11051,43606.8274155
2017-06-29,0.12387,0.11562,0.12637,0.1136,44158.6758495
2017-06-28,0.11091,0.12376,0.12499,0.10578,61388.0403387
2017-06-27,0.10509,0.11088,0.11225,0.092631,72711.4442165
2017-06-26,0.11129,0.10457,0.11463,0.092929,149325.720293
2017-06-25,0.11833,0.11095,0.12036,0.10398,79910.1162495
2017-06-24,0.1214,0.11821,0.12214,0.11703,48842.7277188
2017-06-23,0.11998,0.1214,0.125,0.11831,40199.6749012
2017-06-22,0.12263,0.11998,0.12461,0.11339,108124.093365
2017-06-21,0.12699,0.1227,0.13041,0.1088,160491.579681
2017-06-20,0.13807,0.12647,0.14107,0.1198,75841.2997238
2017-06-19,0.14004,0.13807,0.14133,0.13806,28947.0149225
2017-06-18,0.13977,0.14002,0.144,0.13913,31625.6291463
2017-06-17,0.14287,0.13976,0.1432,0.137,36267.2936167
2017-06-16,0.14246,0.14281,0.145,0.1368,31002.6656093
2017-06-15,0.1405,0.14249,0.14314,0.12951,92020.2045643
2017-06-14,0.14321,0.14053,0.14398,0.135,60216.3030981
2017-06-13,0.15032,0.1433,0.1515,0.13216,82066.2281451
2017-06-12,0.11391,0.15029,0.15038,0.11382,149745.888128
2017-06-11,0.11634,0.11391,0.1229,0.10922,86410.6819036
2017-06-10,0.099201,0.11583,0.12197,0.099012,91279.9041755
2017-06-09,0.09267,0.09929,0.0998,0.091443,32547.2438092
2017-06-08,0.094689,0.09245,0.095855,0.092054,22332.7881305
2017-06-07,0.091909,0.094692,0.095009,0.091649,23054.9794631
2017-06-06,0.09185,0.091867,0.094562,0.086411,55554.8594566
2017-06-05,0.097307,0.091855,0.09804,0.09177,30389.9686433
2017-06-04,0.0881,0.097099,0.1005,0.087937,47413.4689066
2017-06-03,0.089159,0.088133,0.0917,0.0856,46299.9178878
2017-06-02,0.09155,0.089315,0.095439,0.089,43072.087276
2017-06-01,0.099818,0.091554,0.099818,0.08801,73424.8147255
2017-05-31,0.10471,0.099763,0.10757,0.094593,116627.86325
2017-05-30,0.085745,0.10468,0.107,0.084173,120889.777392
2017-05-29,0.07855,0.085745,0.086249,0.076785,35692.6892392
2017-05-28,0.07614,0.078548,0.080699,0.075,57159.6423448
2017-05-27,0.071746,0.076138,0.077224,0.063,131465.345893
2017-05-26,0.074493,0.071742,0.077038,0.07074,62463.615792
2017-05-25,0.07713,0.07448,0.07983,0.0721,98617.5057688
2017-05-24,0.074707,0.076727,0.083775,0.073766,102695.083134
2017-05-23,0.074499,0.074501,0.0769,0.070191,63447.8951444
2017-05-22,0.072204,0.074498,0.08475,0.066915,194308.470838
2017-05-21,0.059997,0.072204,0.0723,0.058263,128982.138541
2017-05-20,0.0633,0.0599,0.065,0.059697,62938.0970849
2017-05-19,0.050627,0.063484,0.065748,0.050118,205566.732951
2017-05-18,0.04785,0.050604,0.052223,0.047838,50221.1141681
2017-05-17,0.049469,0.047841,0.04973,0.046411,59037.1391858
2017-05-16,0.052111,0.049435,0.053978,0.049435,25400.6554151
2017-05-15,0.049581,0.052111,0.054957,0.049502,55456.2749277
2017-05-14,0.0493,0.049659,0.05022,0.04872,14324.5142771
2017-05-13,0.0501,0.049332,0.0515,0.049331,27178.9080494
2017-05-12,0.047732,0.050101,0.051798,0.04728,50404.0267177
2017-05-11,0.049429,0.047949,0.050498,0.046142,61641.2831362
2017-05-10,0.0505,0.049147,0.052777,0.048123,55449.0440338
2017-05-09,0.052115,0.050374,0.053406,0.042066,131374.954717
2017-05-08,0.058168,0.052115,0.05855,0.052022,63297.6709931
2017-05-07,0.060398,0.05812,0.06197,0.055841,34543.1460216
2017-05-06,0.05921,0.060502,0.060636,0.058,35157.5166674
2017-05-05,0.06169,0.05921,0.062326,0.0571,74949.2600074
2017-05-04,0.053003,0.061394,0.062879,0.052022,73743.0140784
2017-05-03,0.052406,0.053155,0.054664,0.051072,39390.7015001
2017-05-02,0.053171,0.052471,0.05503,0.049829,38554.2319753
2017-05-01,0.057985,0.052974,0.060081,0.00975,122035.106262
2017-04-30,0.051449,0.057944,0.059627,0.051449,78961.6582003
2017-04-29,0.05343,0.0517,0.0543,0.050001,43636.8160064
2017-04-28,0.047229,0.053727,0.054521,0.0467,122272.378833
2017-04-27,0.04103,0.047141,0.049574,0.040528,105558.731616
2017-04-26,0.039123,0.041015,0.0417,0.039,68702.8524647
2017-04-25,0.03985,0.039129,0.040041,0.039004,16179.3107972
2017-04-24,0.039244,0.039945,0.040566,0.039244,26314.223301
2017-04-23,0.038819,0.039222,0.039568,0.038712,19710.7018937
2017-04-22,0.038624,0.038819,0.0398,0.038505,22436.4537736
2017-04-21,0.039903,0.038707,0.039903,0.0383,25425.0219449
2017-04-20,0.039332,0.03991,0.040364,0.037961,43395.1202735
2017-04-19,0.041411,0.039333,0.041839,0.037105,37947.1800219
2017-04-18,0.039994,0.04138,0.0419,0.039697,46510.2176762
2017-04-17,0.040947,0.039979,0.041149,0.039516,47612.6595102
2017-04-16,0.04157,0.040879,0.041586,0.039991,15277.6988399
2017-04-15,0.040219,0.041623,0.04211,0.039329,74253.2251774
2017-04-14,0.0424,0.040073,0.042625,0.038524,65401.949935
2017-04-13,0.038065,0.042547,0.043805,0.03801,98603.8501121
2017-04-12,0.035677,0.038022,0.039612,0.035479,52498.1635927
2017-04-11,0.036166,0.035676,0.037179,0.035391,30916.7179891
2017-04-10,0.036075,0.036129,0.037106,0.034822,42168.9635643
2017-04-09,0.037499,0.036094,0.037625,0.035466,33263.6173658
2017-04-08,0.035222,0.037434,0.0388,0.035221,55895.4102716
2017-04-07,0.036208,0.035285,0.03781,0.0347,62367.2804893
2017-04-06,0.039641,0.036209,0.040052,0.034162,142429.883512
2017-04-05,0.038765,0.0396,0.043643,0.038588,478512.07748
2017-04-04,0.03832,0.038845,0.04093,0.035507,126523.019868
2017-04-03,0.04383,0.038223,0.043853,0.036932,195012.360764
2017-04-02,0.04637,0.043829,0.04723,0.038001,130722.506707
2017-04-01,0.046036,0.04637,0.049753,0.044,75843.4088772
2017-03-31,0.049887,0.045956,0.049929,0.042811,145563.336342
2017-03-30,0.050828,0.04997,0.051832,0.04851,74710.6122301
2017-03-29,0.048127,0.050527,0.053299,0.047884,120493.736447
2017-03-28,0.046835,0.048127,0.049319,0.045496,83107.4408184
2017-03-27,0.052291,0.046783,0.053333,0.044546,110277.684578
2017-03-26,0.051971,0.051979,0.054252,0.048133,110519.827457
2017-03-25,0.057002,0.052697,0.057936,0.050615,151745.316909
2017-03-24,0.04182,0.057,0.12,0.04161,417262.637158
2017-03-23,0.04003,0.041833,0.042999,0.038682,68698.9914275
2017-03-22,0.038104,0.039846,0.0412,0.036524,96315.4271398
2017-03-21,0.040661,0.038166,0.041173,0.037546,83416.3758779
2017-03-20,0.042311,0.040689,0.043369,0.039342,89861.282677
2017-03-19,0.034838,0.0423,0.04365,0.03436,165634.247416
2017-03-18,0.041673,0.034999,0.043966,0.032501,355932.819104
2017-03-17,0.038551,0.041604,0.047,0.031501,688581.517241
2017-03-16,0.027766,0.038551,0.040605,0.027761,429479.003092
2017-03-15,0.022897,0.027854,0.027867,0.022501,157579.302599
2017-03-14,0.02289,0.022861,0.02415,0.021866,112871.209248
2017-03-13,0.01898,0.022874,0.025018,0.01898,289178.439181
2017-03-12,0.018153,0.01898,0.019495,0.017887,114745.76504
2017-03-11,0.017344,0.018152,0.01841,0.016271,155519.493399
2017-03-10,0.014777,0.01723,0.017997,0.014334,216775.626812
2017-03-09,0.014342,0.014836,0.01497,0.014148,44974.9941508
2017-03-08,0.015287,0.014419,0.015381,0.01432,64693.5487986
2017-03-07,0.015244,0.015287,0.015621,0.01495,53297.758918
2017-03-06,0.015083,0.015251,0.015749,0.014943,36470.1790411
2017-03-05,0.014612,0.01521,0.015298,0.0144,31883.8753704
2017-03-04,0.01515,0.014621,0.015655,0.014601,46140.6942735
2017-03-03,0.015147,0.015079,0.016299,0.01438,176347.254975
2017-03-02,0.014131,0.01511,0.01542,0.013643,123156.835065
2017-03-01,0.013249,0.014141,0.014218,0.01275,107024.46722
2017-02-28,0.012968,0.013249,0.013473,0.0127,102473.501891
2017-02-27,0.01238,0.01296,0.0132,0.012064,58708.4428639
2017-02-26,0.011758,0.012405,0.012433,0.01162,42783.7413066
2017-02-25,0.01106,0.011746,0.011973,0.01096,83420.1507135
2017-02-24,0.01113,0.011051,0.011473,0.010567,64217.284909
2017-02-23,0.011205,0.0112,0.01141,0.01107,59233.8726719
2017-02-22,0.011329,0.011183,0.01155,0.01115,35880.8979392
2017-02-21,0.011377,0.011329,0.011672,0.010979,65684.3620794
2017-02-20,0.012148,0.011378,0.012354,0.011121,46361.2733746
2017-02-19,0.01214,0.012149,0.01226,0.012048,22410.8713069
2017-02-18,0.012043,0.01215,0.01216,0.011913,21114.8876105
2017-02-17,0.012385,0.012043,0.012429,0.011978,27255.5953819
2017-02-16,0.012756,0.01242,0.012756,0.012131,33865.9296922
2017-02-15,0.0129,0.012792,0.012949,0.0125,68112.5772393
2017-02-14,0.01136,0.0129,0.0133,0.01136,144416.694279
2017-02-13,0.01138,0.011358,0.01144,0.011207,17187.4365516
2017-02-12,0.01127,0.01138,0.01138,0.0112,25049.848969
2017-02-11,0.01136,0.011269,0.01142,0.011154,18072.376999
2017-02-10,0.011094,0.01136,0.011585,0.011074,41190.5877775
2017-02-09,0.010754,0.011092,0.01134,0.010605,45886.3364786
2017-02-08,0.010872,0.010752,0.0109,0.010679,35525.3053748
2017-02-07,0.011005,0.010872,0.011098,0.01085,7377.72852361
2017-02-06,0.011029,0.011024,0.011115,0.010902,14614.6718405
2017-02-05,0.010985,0.011031,0.011127,0.010901,10284.2932895
2017-02-04,0.01081,0.010985,0.011279,0.010796,40665.0003128
2017-02-03,0.01069,0.010803,0.01083,0.010402,36666.3441036
2017-02-02,0.010856,0.010703,0.010859,0.010645,17936.2538878
2017-02-01,0.011067,0.010856,0.011157,0.010695,68862.3341514
2017-01-31,0.01145,0.011034,0.011489,0.010962,67187.5455646
2017-01-30,0.011417,0.011438,0.011652,0.011345,25430.6445357
2017-01-29,0.011479,0.011411,0.011489,0.01134,6936.68389129
2017-01-28,0.01146,0.011487,0.011499,0.011251,23196.8059794
2017-01-27,0.01152,0.011449,0.011541,0.01134,35984.4580394
2017-01-26,0.011693,0.011519,0.011726,0.011443,38873.324826
2017-01-25,0.011881,0.011698,0.01189,0.011631,41245.6345972
2017-01-24,0.011787,0.011908,0.011908,0.011605,44832.2268569
2017-01-23,0.011544,0.011736,0.011779,0.01154,21548.6730217
2017-01-22,0.011807,0.011543,0.01185,0.011533,21573.0656818
2017-01-21,0.011846,0.011849,0.0121,0.011487,53517.2994692
2017-01-20,0.011537,0.011845,0.012054,0.011519,27733.4483691
2017-01-19,0.011531,0.011537,0.011629,0.011331,26196.6898327
2017-01-18,0.011317,0.011531,0.011767,0.011306,46867.6140032
2017-01-17,0.011528,0.01131,0.011937,0.011041,167586.840514
2017-01-16,0.011832,0.011471,0.01186,0.011405,35382.7278473
2017-01-15,0.011832,0.011857,0.01206,0.011766,19839.6535222
2017-01-14,0.011709,0.01184,0.012,0.011478,27202.7223729
2017-01-13,0.012032,0.011712,0.012215,0.0115,46485.269935
2017-01-12,0.012408,0.012051,0.0126,0.011921,74783.361835
2017-01-11,0.011592,0.012327,0.01246,0.01152,133346.680575
2017-01-10,0.011522,0.011581,0.01185,0.01123,44937.4837497
2017-01-09,0.011314,0.011423,0.0122,0.011224,145311.480935
2017-01-08,0.01083,0.011314,0.01149,0.0106,118665.636077
2017-01-07,0.0113,0.010841,0.011844,0.01073,127320.918979
2017-01-06,0.01018,0.0113,0.011729,0.010071,207504.847258
2017-01-05,0.00976,0.010189,0.0105,0.0092375,138581.785188
2017-01-04,0.0092996,0.00972,0.010096,0.009052,126051.968511
2017-01-03,0.008214,0.0093,0.0097365,0.008067,207548.905285
2017-01-02,0.0082119,0.0082199,0.008396,0.0078501,61641.1276616
2017-01-01,0.0083311,0.0082192,0.0089209,0.008031,43494.1480628
2016-12-31,0.008503,0.008336,0.008704,0.0082523,27324.8930908
2016-12-30,0.008509,0.0085039,0.009038,0.008414,45349.8960817
2016-12-29,0.0077029,0.00852,0.00889,0.0077029,130519.205181
2016-12-28,0.0076542,0.0077029,0.0080201,0.0073,82036.4543612
2016-12-27,0.008045,0.007715,0.0081296,0.0075,67998.9288831
2016-12-26,0.0079729,0.008053,0.008184,0.0077892,23267.4224294
2016-12-25,0.0080737,0.0079688,0.0084072,0.0079688,52431.5532621
2016-12-24,0.007754,0.0080735,0.008307,0.007651,21072.0250753
2016-12-23,0.008765,0.007754,0.008765,0.007686,145669.405154
2016-12-22,0.009473,0.008755,0.009494,0.0085,105336.189994
2016-12-21,0.009559,0.00949,0.0096937,0.009373,35558.2841257
2016-12-20,0.0096199,0.009555,0.009771,0.0094648,27251.6784569
2016-12-19,0.0099292,0.0096199,0.0099418,0.009568,15330.2903617
2016-12-18,0.009905,0.010009,0.01009,0.009723,21287.0434724
2016-12-17,0.010005,0.00992,0.01002,0.0094649,35166.618916
2016-12-16,0.01007,0.01001,0.010187,0.0099212,8846.12362577
2016-12-15,0.010554,0.01004,0.010554,0.00992,38148.9086847
2016-12-14,0.010855,0.010599,0.01101,0.010534,7950.13569281
2016-12-13,0.010922,0.010748,0.010947,0.01065,9073.55835966
2016-12-12,0.010625,0.010904,0.01107,0.0105,57571.8546765
2016-12-11,0.01049,0.01066,0.010928,0.010434,19822.1100532
2016-12-10,0.010868,0.01049,0.011013,0.010305,17895.4469493
2016-12-09,0.01062,0.010921,0.011269,0.010352,40943.3939612
2016-12-08,0.010905,0.010632,0.011577,0.01061,72596.4270619
2016-12-07,0.010293,0.010905,0.011596,0.0095748,206954.902294
2016-12-06,0.008959,0.01032,0.0104,0.00775,314940.802985
2016-12-05,0.009598,0.009012,0.010098,0.00875,142535.62806
2016-12-04,0.010271,0.009623,0.010341,0.00958,28294.1827688
2016-12-03,0.01,0.010273,0.010643,0.0098665,68810.8591181
2016-12-02,0.011175,0.010004,0.011175,0.00951,97656.2683158
2016-12-01,0.011533,0.011204,0.01159,0.011068,19962.9078586
2016-11-30,0.01108,0.011533,0.011875,0.011021,39623.4072329
2016-11-29,0.011842,0.0111,0.011872,0.0106,104127.196765
2016-11-28,0.01229,0.011831,0.012324,0.0118,17026.6301666
2016-11-27,0.012629,0.012343,0.012702,0.0119,46256.0443904
2016-11-26,0.012665,0.012659,0.012952,0.012567,12121.3741672
2016-11-25,0.012464,0.012673,0.013233,0.012462,42992.3503229
2016-11-24,0.013237,0.01247,0.013237,0.012,78509.9410856
2016-11-23,0.013183,0.013237,0.01348,0.013,10966.6276673
2016-11-22,0.012969,0.013073,0.013836,0.012827,22133.7846158
2016-11-21,0.013138,0.013011,0.0132,0.012853,11770.0313832
2016-11-20,0.01281,0.013103,0.013427,0.0127,24939.1994763
2016-11-19,0.012614,0.012863,0.013052,0.012296,26079.4094757
2016-11-18,0.013489,0.012637,0.013599,0.01238,36631.9387295
2016-11-17,0.01351,0.013489,0.01367,0.013129,58672.3338259
2016-11-16,0.014339,0.01351,0.01454,0.01335,58779.6780453
2016-11-15,0.014126,0.014339,0.01448,0.01387,16039.8636283
2016-11-14,0.014345,0.014125,0.014486,0.0141,8216.25846715
2016-11-13,0.014021,0.014423,0.01503,0.014021,21618.9750092
2016-11-12,0.014368,0.014022,0.014632,0.013739,24115.6811795
2016-11-11,0.01466,0.014366,0.01484,0.0143,24944.2060203
2016-11-10,0.014797,0.014632,0.015001,0.014513,18942.8684861
2016-11-09,0.015202,0.01476,0.015223,0.013951,30638.1269989
2016-11-08,0.015505,0.015227,0.015599,0.01502,9408.40638714
2016-11-07,0.015282,0.01547,0.015571,0.015282,5202.83741059
2016-11-06,0.01567,0.015327,0.01571,0.0153,21729.3418124
2016-11-05,0.015888,0.01567,0.015889,0.015556,34532.8604077
2016-11-04,0.01581,0.015888,0.016011,0.0153,35227.4853502
2016-11-03,0.014551,0.015679,0.016144,0.0144,32463.6232715
2016-11-02,0.014788,0.014483,0.015505,0.014483,37475.6402944
2016-11-01,0.015663,0.014774,0.015663,0.0138,64291.8851421
2016-10-31,0.015951,0.01576,0.016503,0.015449,34186.5398245
2016-10-30,0.01463,0.01595,0.016399,0.01449,21028.376016
2016-10-29,0.016064,0.014615,0.016138,0.01355,94385.0417961
2016-10-28,0.016727,0.016064,0.017012,0.0159,25117.1460698
2016-10-27,0.017041,0.016728,0.017211,0.016328,26845.1978078
2016-10-26,0.017413,0.016954,0.017554,0.0169,12718.1737161
2016-10-25,0.018224,0.017312,0.018225,0.016827,22478.4936257
2016-10-24,0.018292,0.018225,0.018457,0.018225,6331.87802193
2016-10-23,0.018364,0.018352,0.01858,0.0182,7623.12474086
2016-10-22,0.019149,0.01838,0.01919,0.0183,4887.17672796
2016-10-21,0.019192,0.019149,0.019206,0.018949,7067.96088385
2016-10-20,0.019119,0.019192,0.019523,0.018987,11287.4840787
2016-10-19,0.019749,0.019044,0.019795,0.018831,8496.43529372
2016-10-18,0.018756,0.019685,0.02022,0.018755,28360.3068051
2016-10-17,0.018498,0.018756,0.01885,0.018469,14079.5216718
2016-10-16,0.018752,0.018534,0.018788,0.018505,3630.77234853
2016-10-15,0.018603,0.018735,0.018879,0.018343,2924.27336341
2016-10-14,0.018818,0.018674,0.018941,0.01855,3876.24622083
2016-10-13,0.018714,0.018953,0.01907,0.0185,8333.25513327
2016-10-12,0.018369,0.018673,0.018956,0.018219,14256.4282222
2016-10-11,0.018941,0.018274,0.019525,0.018204,19389.3605093
2016-10-10,0.019553,0.01894,0.019602,0.018756,25871.1988572
2016-10-09,0.019747,0.019553,0.020039,0.019351,10593.5377619
2016-10-08,0.020519,0.019749,0.020563,0.019334,16646.0229807
2016-10-07,0.020956,0.020524,0.021184,0.020217,20768.3063454
2016-10-06,0.02124,0.020956,0.021493,0.020616,31949.6255481
2016-10-05,0.021771,0.021255,0.021848,0.021223,10431.659894
2016-10-04,0.021948,0.021736,0.02224,0.021621,6327.45497077
2016-10-03,0.021604,0.021986,0.022099,0.021464,9756.79919744
2016-10-02,0.021472,0.021584,0.021807,0.0214,5211.32516573
2016-10-01,0.021683,0.021469,0.02173,0.02123,17519.5501247
2016-09-30,0.021679,0.021683,0.02207,0.021506,13159.82775
2016-09-29,0.021966,0.02167,0.02202,0.021369,10104.2923863
2016-09-28,0.021562,0.021963,0.022528,0.021539,33194.6597967
2016-09-27,0.021156,0.02155,0.021899,0.021091,26768.3728191
2016-09-26,0.02181,0.021042,0.022,0.021027,15562.6588511
2016-09-25,0.02138,0.021771,0.02181,0.021209,8894.01369606
2016-09-24,0.0221,0.021376,0.022111,0.021,19876.7165002
2016-09-23,0.022123,0.022131,0.022473,0.021824,15402.0468522
2016-09-22,0.02299,0.02225,0.02299,0.02084,70249.4786559
2016-09-21,0.023778,0.023007,0.024,0.02201,56819.6875488
2016-09-20,0.021611,0.023721,0.0238,0.0215,79429.7279976
2016-09-19,0.020393,0.021654,0.021716,0.020316,35809.5996493
2016-09-18,0.020916,0.020328,0.021389,0.019712,31278.9091617
2016-09-17,0.020704,0.020893,0.021039,0.0205,13659.7159685
2016-09-16,0.019625,0.020677,0.02108,0.019524,76951.0813357
2016-09-15,0.019651,0.019643,0.019899,0.019501,59286.4115592
2016-09-14,0.019599,0.019504,0.019692,0.019395,22772.0255907
2016-09-13,0.019405,0.01948,0.019944,0.019325,106318.169788
2016-09-12,0.019236,0.01937,0.01969,0.0191,14482.2517506
2016-09-11,0.019554,0.019275,0.01966,0.018597,22460.4504983
2016-09-10,0.018724,0.019564,0.019611,0.018445,8666.0461878
2016-09-09,0.01813,0.018722,0.01885,0.01813,33353.6411705
2016-09-08,0.018797,0.01813,0.019015,0.017833,61789.0425353
2016-09-07,0.01916,0.018827,0.01936,0.018702,20470.6994481
2016-09-06,0.019254,0.019121,0.01936,0.018705,11509.9480009
2016-09-05,0.01913,0.019351,0.01955,0.019028,43995.8107737
2016-09-04,0.019569,0.01919,0.019671,0.019,35962.7795596
2016-09-03,0.021049,0.019701,0.021552,0.018961,27834.0449969
2016-09-02,0.02088,0.021049,0.021474,0.020661,17901.6620141
2016-09-01,0.020256,0.020923,0.022061,0.020175,31191.7832789
2016-08-31,0.019452,0.02024,0.020366,0.019371,20044.1405284
2016-08-30,0.0192,0.019475,0.019616,0.019,11287.539952
2016-08-29,0.01901,0.019131,0.019431,0.018553,15976.6001952
2016-08-28,0.019545,0.019046,0.019545,0.019018,5513.97698529
2016-08-27,0.019411,0.019573,0.019804,0.019397,3189.78902223
2016-08-26,0.0197,0.019548,0.01985,0.01932,12641.8471293
2016-08-25,0.019072,0.01963,0.0197,0.01899,24973.3403648
2016-08-24,0.018924,0.018959,0.019189,0.0188,8621.59707679
2016-08-23,0.01891,0.018836,0.019279,0.018648,10906.6174625
2016-08-22,0.01927,0.018938,0.019404,0.018809,21097.6150996
2016-08-21,0.019316,0.019239,0.019316,0.018801,6453.5103666
2016-08-20,0.0187,0.019341,0.0195,0.0186,35309.5316274
2016-08-19,0.018735,0.01865,0.018847,0.01855,28204.9552084
2016-08-18,0.01875,0.018725,0.0192,0.018626,47933.1408489
2016-08-17,0.019249,0.01875,0.01975,0.01868,60501.6712037
2016-08-16,0.019799,0.01925,0.0198,0.0191,30042.4664394
2016-08-15,0.0196,0.019752,0.01987,0.019377,37485.4899256
2016-08-14,0.01975,0.019561,0.02006,0.019501,51761.6736175
2016-08-13,0.02002,0.01975,0.02003,0.0195,68935.0458356
2016-08-12,0.01983,0.02002,0.02035,0.019721,155090.946215
2016-08-11,0.020499,0.01983,0.020783,0.019457,138898.12957
2016-08-10,0.02,0.020143,0.020694,0.0195,76788.9923874
2016-08-02,0.018128,0.016824,0.01828,0.016729,321746.409901
2016-08-01,0.01902,0.018094,0.019499,0.018041,149287.361599
2016-07-31,0.018892,0.01901,0.019703,0.018179,154147.714731
2016-07-30,0.019483,0.01896,0.019569,0.018935,33861.6325085
2016-07-29,0.019635,0.019486,0.019682,0.01919,74554.5523813
2016-07-28,0.019867,0.01963,0.019883,0.019,93556.0452783
2016-07-27,0.018214,0.01984,0.020602,0.01816,238879.311407
2016-07-26,0.021166,0.018244,0.021189,0.01803,457715.319671
2016-07-25,0.019249,0.021168,0.02119,0.01908,166047.705807
2016-07-24,0.021821,0.019248,0.022289,0.0185,462124.458344
2016-07-23,0.022557,0.021821,0.022979,0.021231,163730.349044
2016-07-22,0.019071,0.02256,0.02285,0.01874,381525.906669
2016-07-21,0.018688,0.019072,0.0192,0.01798,143868.686123
2016-07-20,0.017236,0.018688,0.0195,0.0171,411492.590802
2016-07-19,0.016482,0.01725,0.018059,0.016347,153967.091175
2016-07-18,0.016441,0.016449,0.017199,0.01611,95183.3500587
2016-07-17,0.017605,0.016425,0.017616,0.016141,121286.774597
2016-07-16,0.01797,0.017619,0.018028,0.017439,47161.8731318
2016-07-15,0.017484,0.017996,0.0188,0.017344,103469.173872
2016-07-14,0.016062,0.01748,0.017819,0.016062,127853.166337
2016-07-13,0.015774,0.01606,0.01606,0.015538,47549.680966
2016-07-12,0.016139,0.015772,0.016531,0.0155,89830.4779772
2016-07-11,0.01679,0.016143,0.01686,0.01578,146586.549549
2016-07-10,0.016827,0.016805,0.0171,0.0165,41543.5890549
2016-07-09,0.017067,0.01689,0.017405,0.0164,186283.604486
2016-07-08,0.015791,0.01707,0.0175,0.015526,131217.341681
2016-07-07,0.01558,0.015781,0.0162,0.015,151092.772155
2016-07-06,0.0158,0.01557,0.01648,0.015141,116160.42287
2016-07-05,0.016751,0.0158,0.017,0.014131,304943.096835
2016-07-04,0.017703,0.016751,0.01797,0.016751,69241.3776655
2016-07-03,0.01723,0.017798,0.0181,0.017002,104794.677365
2016-07-02,0.018072,0.017235,0.018077,0.0171,89749.2408883
2016-07-01,0.018471,0.018067,0.018649,0.0172,140573.755568
2016-06-30,0.019749,0.018472,0.020136,0.01833,89731.2765156
2016-06-29,0.018801,0.019754,0.020497,0.01814,141937.543081
2016-06-28,0.021254,0.018802,0.021283,0.017796,322518.038691
2016-06-27,0.021957,0.021254,0.022307,0.021,61598.6565753
2016-06-26,0.021481,0.021963,0.02282,0.021296,55196.8819083
2016-06-25,0.021543,0.021485,0.0218,0.020601,62962.0621897
2016-06-24,0.0219,0.021523,0.021981,0.019825,168539.035726
2016-06-23,0.022205,0.0219,0.023478,0.021323,178103.239127
2016-06-22,0.01967,0.0222,0.024879,0.019599,587771.024785
2016-06-21,0.016006,0.019698,0.0202,0.016006,460297.363814
2016-06-20,0.01595,0.015977,0.016575,0.0137,505179.022302
2016-06-19,0.014917,0.01595,0.017882,0.01395,721356.217925
2016-06-18,0.020466,0.014989,0.020567,0.013,1236243.46694
2016-06-17,0.026834,0.020432,0.0281,0.0177,1308332.57115
2016-06-16,0.026365,0.027037,0.0272,0.025671,122166.972634
2016-06-15,0.027503,0.026401,0.0277,0.026071,64216.0412348
2016-06-14,0.024939,0.02761,0.02819,0.02492,266634.96905
2016-06-13,0.023401,0.024939,0.025283,0.02317,141070.62505
2016-06-12,0.023261,0.023401,0.02393,0.022011,164396.689226
2016-06-11,0.02405,0.023233,0.024154,0.023127,58874.6787641
2016-06-10,0.02506,0.024017,0.02517,0.023767,52314.7366442
2016-06-09,0.0248,0.025023,0.025553,0.024701,27175.6337831
2016-06-08,0.02523,0.024726,0.02592,0.02461,73736.7812555
2016-06-07,0.02379,0.02523,0.025747,0.02336,106636.828643
2016-06-06,0.02439,0.02379,0.0245,0.0236,40145.0255556
2016-06-05,0.02417,0.02439,0.024849,0.023451,56426.5063804
2016-06-04,0.024354,0.023898,0.024748,0.022805,93245.0361761
2016-06-03,0.025488,0.024329,0.025897,0.023016,138141.215211
2016-06-02,0.0261,0.025454,0.026347,0.025127,60230.8262773
2016-06-01,0.0265,0.026099,0.02735,0.024899,88136.6492091
2016-05-31,0.02386,0.026568,0.0274,0.023261,217388.594664
2016-05-30,0.023577,0.02382,0.024199,0.022667,103913.713483
2016-05-29,0.0226,0.023486,0.024298,0.02201,170164.876938
2016-05-28,0.02391,0.0226,0.02496,0.0206,340533.449587
2016-05-27,0.027401,0.02392,0.027473,0.02203,388960.476326
2016-05-26,0.02785,0.027446,0.0289,0.0265,153930.490943
2016-05-25,0.028512,0.027845,0.028979,0.0261,190492.983714
2016-05-24,0.03021,0.02847,0.03099,0.02685,353318.503448
2016-05-23,0.0326,0.0303,0.032921,0.02979,142800.711256
2016-05-22,0.0316,0.032639,0.032784,0.03102,81114.0819024
2016-05-21,0.03075,0.031661,0.031852,0.02954,206712.409327
2016-05-20,0.03372,0.03075,0.034,0.03031,314173.448426
2016-05-19,0.029691,0.03372,0.033779,0.029139,325906.093527
2016-05-18,0.02689,0.0298,0.03176,0.026889,422543.803845
2016-05-17,0.024614,0.026888,0.027585,0.02451,206326.145883
2016-05-16,0.021802,0.024612,0.0255,0.021802,179517.987342
2016-05-15,0.022391,0.021737,0.022888,0.0216,49779.8747946
2016-05-14,0.023041,0.022435,0.0235,0.02125,120866.137602
2016-05-13,0.02215,0.023041,0.024433,0.02203,239258.185497
2016-05-12,0.0221,0.02215,0.023354,0.02182,174265.228212
2016-05-11,0.02079,0.02205,0.022159,0.02079,105314.079571
2016-05-10,0.020126,0.02079,0.02108,0.02003,54488.268282
2016-05-09,0.020739,0.0202,0.0211,0.019754,65892.7343322
2016-05-08,0.02049,0.02071,0.02112,0.019318,87618.4715427
2016-05-07,0.02028,0.02049,0.020768,0.019936,46317.9786977
2016-05-06,0.02187,0.02031,0.02225,0.0198,176244.850231
2016-05-05,0.02101,0.02187,0.022729,0.02071,105954.528815
2016-05-04,0.020628,0.021094,0.02243,0.02053,132233.188892
2016-05-03,0.02286,0.020699,0.02286,0.020487,95876.7993496
2016-05-02,0.019607,0.022855,0.025,0.019485,285174.611736
2016-05-01,0.019573,0.019631,0.02008,0.018684,155807.548458
2016-04-30,0.016376,0.019609,0.020735,0.016343,305657.173255
2016-04-29,0.01596,0.01644,0.01725,0.015936,63043.7037897
2016-04-28,0.01739,0.015961,0.017979,0.015961,124322.008561
2016-04-27,0.015865,0.0175,0.017689,0.0157,152980.275802
2016-04-26,0.01633,0.015791,0.016389,0.0151,126147.047456
2016-04-25,0.017484,0.01633,0.0178,0.01553,136898.844922
2016-04-24,0.01847,0.01744,0.0187,0.0173,63600.4849306
2016-04-23,0.01757,0.018479,0.01919,0.01734,130298.698922
2016-04-22,0.01811,0.01757,0.01866,0.0172,79707.7891609
2016-04-21,0.01924,0.01804,0.01978,0.0177,39879.1127886
2016-04-20,0.019902,0.01924,0.02168,0.01874,60064.70882
2016-04-19,0.021109,0.01985,0.02165,0.019809,27476.2960949
2016-04-18,0.02175,0.0211,0.022189,0.01982,35477.7781028
2016-04-17,0.02001,0.02174,0.02269,0.01989,93550.897273
2016-04-16,0.01916,0.02001,0.0202,0.01872,21121.3304608
2016-04-15,0.019812,0.01915,0.020305,0.01881,58221.9209292
2016-04-14,0.019,0.01982,0.020815,0.01888,29804.382083
2016-04-13,0.01748,0.01894,0.0205,0.01658,78577.236167
2016-04-12,0.02045,0.0175,0.02045,0.01675,107256.400172
2016-04-11,0.021162,0.02045,0.021257,0.01905,50654.5468009
2016-04-10,0.021756,0.021141,0.022,0.017774,142726.165587
2016-04-09,0.02315,0.02173,0.024193,0.021602,23347.4071402
2016-04-08,0.023823,0.02317,0.024509,0.022694,30258.4388705
2016-04-07,0.025212,0.023823,0.02574,0.023517,28195.2151601
2016-04-06,0.024582,0.025159,0.0259,0.024135,19577.5796028
2016-04-05,0.02652,0.024613,0.02666,0.02373,46693.3538488
2016-04-04,0.02747,0.02643,0.027674,0.02611,25661.2955416
2016-04-03,0.02768,0.027485,0.027817,0.027217,10393.4968165
2016-04-02,0.02797,0.02768,0.02797,0.027013,17066.6443267
2016-04-01,0.027305,0.02797,0.028576,0.027231,20679.8108459
2016-03-31,0.028745,0.0273,0.02947,0.027065,23983.3659573
2016-03-30,0.02795,0.02884,0.0297,0.027591,41426.2288234
2016-03-29,0.027739,0.028034,0.028809,0.026664,38431.8446082
2016-03-28,0.02446,0.02762,0.028,0.02435,48084.9894105
2016-03-27,0.0262,0.02446,0.026444,0.0236,62216.6188357
2016-03-26,0.025719,0.026245,0.026889,0.0254,14312.9594118
2016-03-25,0.02709,0.025719,0.0274,0.025051,26486.1862163
2016-03-24,0.02974,0.027071,0.02987,0.0255,66623.1643708
2016-03-23,0.026977,0.029675,0.02974,0.026858,31130.1108104
2016-03-22,0.028847,0.02688,0.029019,0.026674,34014.2131273
2016-03-21,0.024871,0.028597,0.029278,0.02455,46979.7284485
2016-03-20,0.025738,0.024916,0.02646,0.023041,53558.4066728
2016-03-19,0.027043,0.02574,0.027368,0.0239,58736.7975298
2016-03-18,0.0265,0.02702,0.02702,0.02015,142476.63783
2016-03-17,0.03,0.0265,0.030419,0.024759,79469.8358359
2016-03-16,0.03131,0.030009,0.0335,0.0294,69104.7228373
2016-03-15,0.029996,0.03131,0.032004,0.028512,56718.7654425
2016-03-14,0.035252,0.029996,0.05058,0.02795,120190.458024
2016-03-13,0.033637,0.0352,0.0368,0.03215,108.752774
2016-03-12,0.0299,0.032494,0.0332,0.0296,85.535012
2016-03-11,0.02995,0.02995,0.02995,0.02995,0.03
2016-03-10,0.03,0.0305,0.031,0.02761,31.078331
2016-03-09,0.02594,0.0295,0.0297,0.0252,35.76
