MTS,OPEN,CLOSE,HIGH,LOW,VOLUME
2017-11-19 13:00:00,352.86,360.39,361.01,350.76,11593.9739003
2017-11-19 12:00:00,358.9,352.86,359.47,351.51,19624.2934229
2017-11-19 11:00:00,360.62,359.14,361.01,358.66,11336.5724937
2017-11-19 10:00:00,363.28,360.6,363.79,360.6,11737.8971802
2017-11-19 09:00:00,358.34,363.23,365.9,358.34,23930.1908018
2017-11-19 08:00:00,362.5,358.35,366.48,357.21,23352.2872322
2017-11-19 07:00:00,357.44,362.51,371.0,357.15,62072.7746916
2017-11-19 06:00:00,348.79,357.5,358.27,348.03,32017.9512901
2017-11-19 05:00:00,348.52,348.79,349.95,347.73,7089.23930498
2017-11-19 04:00:00,347.48,348.55,349.44,347.16,5723.37326891
2017-11-19 03:00:00,344.82,347.46,348.35,344.82,4934.49023167
2017-11-19 02:00:00,345.74,344.82,346.01,343.28,4106.73702623
2017-11-19 01:00:00,346.11,345.75,347.42,345.0,3529.33223893
2017-11-19 00:00:00,346.89,346.05,349.36,345.49,6974.83901186
2017-11-18 23:00:00,348.0,346.68,350.4,342.5,43512.2063598
2017-11-18 22:00:00,343.99,347.92,348.12,342.01,19219.9542967
2017-11-18 21:00:00,337.51,343.99,344.45,337.48,23703.6041272
2017-11-18 20:00:00,336.6,337.5,337.55,335.66,4601.25593322
2017-11-18 19:00:00,337.61,336.66,339.55,336.34,9264.31065343
2017-11-18 18:00:00,334.94,337.5,337.72,334.0,6126.07224712
2017-11-18 17:00:00,333.76,334.73,336.0,333.46,7017.2415956
2017-11-18 16:00:00,335.2,333.76,335.31,333.21,5418.49591884
2017-11-18 15:00:00,334.0,335.31,335.31,333.7,5072.24897441
2017-11-18 14:00:00,333.18,333.99,334.14,332.27,6730.93920616
2017-11-18 13:00:00,333.93,333.53,334.5,332.01,6447.89736784
2017-11-18 12:00:00,333.06,333.93,334.0,332.14,7225.20788984
2017-11-18 11:00:00,330.87,333.04,333.33,330.37,6260.83340159
2017-11-18 10:00:00,330.65,330.94,331.71,329.53,3708.48432424
2017-11-18 09:00:00,331.07,330.65,331.92,330.34,3702.94297358
2017-11-18 08:00:00,330.72,331.19,331.5,328.47,4235.24023073
2017-11-18 07:00:00,329.16,330.98,331.0,328.28,3881.48107019
2017-11-18 06:00:00,329.29,329.12,329.92,328.12,3106.41339077
2017-11-18 05:00:00,328.43,329.31,330.9,326.39,5733.43778837
2017-11-18 04:00:00,328.05,328.43,329.3,327.44,5413.24563807
2017-11-18 03:00:00,325.92,328.46,329.0,325.32,7859.60714766
2017-11-18 02:00:00,326.9,325.89,328.37,325.5,9996.82185239
2017-11-18 01:00:00,328.31,326.85,329.65,326.75,8118.74099183
2017-11-18 00:00:00,331.09,328.29,331.42,327.31,9074.21798565
2017-11-17 23:00:00,332.0,331.0,332.29,330.7,5865.52702423
2017-11-17 22:00:00,332.09,332.0,333.75,330.0,9412.26989693
2017-11-17 21:00:00,331.3,332.04,333.37,330.0,8229.57409351
2017-11-17 20:00:00,332.06,331.3,332.09,330.76,5910.722873
2017-11-17 19:00:00,332.06,332.09,332.19,331.3,3811.8711994
2017-11-17 18:00:00,331.2,332.1,332.19,330.83,8021.10509109
2017-11-17 17:00:00,332.46,331.44,332.59,330.14,4247.47175016
2017-11-17 16:00:00,332.5,332.0,333.0,331.05,8059.55073834
2017-11-17 15:00:00,333.0,332.5,335.22,332.5,25291.0693226
2017-11-17 14:00:00,331.13,333.0,333.56,330.61,7686.11817716
2017-11-17 13:00:00,330.09,331.13,331.97,329.57,4160.83042328
2017-11-17 12:00:00,329.69,329.81,331.3,329.01,9637.08331774
2017-11-17 11:00:00,330.2,329.69,330.39,328.66,9119.01768525
2017-11-17 10:00:00,328.71,330.35,331.25,328.62,7124.77210489
2017-11-17 09:00:00,327.18,328.72,328.98,325.95,6288.74513773
2017-11-17 08:00:00,325.93,327.27,327.6,325.59,9372.58308024
2017-11-17 07:00:00,330.28,325.52,330.3,325.0,16255.6986241
2017-11-17 06:00:00,331.12,330.3,331.64,330.09,2901.38163164
2017-11-17 05:00:00,330.72,331.01,331.3,329.63,5223.70795705
2017-11-17 04:00:00,332.23,330.72,332.6,330.4,3481.7697393
2017-11-17 03:00:00,332.57,331.75,333.56,331.06,6268.19373213
2017-11-17 02:00:00,329.57,332.86,333.0,328.01,12257.4840716
2017-11-17 01:00:00,329.38,329.75,330.03,328.06,5582.54086336
2017-11-17 00:00:00,330.91,329.54,331.61,328.01,9199.16644538
2017-11-16 23:00:00,329.86,331.16,331.81,328.15,9388.60867083
2017-11-16 22:00:00,328.04,329.67,330.69,327.2,12057.5900179
2017-11-16 21:00:00,328.57,328.11,329.33,326.81,6080.69594212
2017-11-16 20:00:00,330.77,328.61,330.77,327.65,4945.28662767
2017-11-16 19:00:00,327.52,330.9,333.0,326.52,5947.61781542
2017-11-16 18:00:00,331.49,327.55,331.76,324.5,18988.3552763
2017-11-16 17:00:00,335.04,331.76,335.09,331.11,10651.1564092
2017-11-16 16:00:00,330.32,335.09,335.11,329.03,10562.9777694
2017-11-16 15:00:00,327.91,330.32,330.72,327.04,5024.56610662
2017-11-16 14:00:00,326.4,327.94,328.5,325.5,8298.92561809
2017-11-16 13:00:00,328.0,326.39,329.85,325.54,10725.2451438
2017-11-16 12:00:00,325.54,328.0,330.98,324.68,15978.928127
2017-11-16 11:00:00,323.9,325.46,325.54,321.61,10423.1033694
2017-11-16 10:00:00,324.27,324.0,324.46,321.18,7581.72652236
2017-11-16 09:00:00,323.06,324.15,325.11,322.01,8947.91744431
2017-11-16 08:00:00,324.93,323.09,325.02,321.99,10325.3605045
2017-11-16 07:00:00,327.49,324.92,327.72,323.0,7520.01295897
2017-11-16 06:00:00,328.34,327.49,328.76,327.4,5377.55498776
2017-11-16 05:00:00,328.22,328.27,328.89,326.14,4033.04552013
2017-11-16 04:00:00,328.12,328.31,329.1,326.68,5558.01328534
2017-11-16 03:00:00,327.64,328.44,329.0,326.22,4456.46109895
2017-11-16 02:00:00,329.01,327.78,330.0,327.5,5398.73862605
2017-11-16 01:00:00,330.39,329.19,330.45,328.27,2857.5564475
2017-11-16 00:00:00,330.89,330.3,330.9,328.98,4963.68062591
2017-11-15 23:00:00,327.99,330.59,330.9,326.88,3608.89213803
2017-11-15 22:00:00,327.5,328.16,328.98,325.32,3827.22892894
2017-11-15 21:00:00,329.26,327.5,329.48,327.4,2643.79037093
2017-11-15 20:00:00,327.93,329.25,329.74,327.0,4264.7282724
2017-11-15 19:00:00,329.65,327.93,329.76,326.98,4745.35394838
2017-11-15 18:00:00,330.0,329.76,330.83,328.57,3865.05250808
2017-11-15 17:00:00,330.0,330.28,330.7,328.06,4945.57875284
2017-11-15 16:00:00,325.82,330.0,331.37,321.5,14759.078755
2017-11-15 15:00:00,327.68,325.85,331.0,324.6,13743.8910131
2017-11-15 14:00:00,330.39,328.02,331.92,326.47,11833.2262118
2017-11-15 13:00:00,331.4,330.48,332.41,330.0,6736.82742784
2017-11-15 12:00:00,332.76,331.49,333.22,330.0,12844.8891772
2017-11-15 11:00:00,333.91,332.86,335.85,332.29,4316.96344401
2017-11-15 10:00:00,331.66,334.0,335.0,331.02,6331.34463625
2017-11-15 09:00:00,334.9,331.41,335.83,331.05,6788.00916829
2017-11-15 08:00:00,334.83,334.99,336.26,333.51,6179.68174418
2017-11-15 07:00:00,337.86,334.91,338.86,334.33,6953.80442506
2017-11-15 06:00:00,335.77,337.65,339.61,334.56,15131.0910614
2017-11-15 05:00:00,334.51,335.92,338.01,333.56,15937.6646544
2017-11-15 04:00:00,332.75,334.51,335.11,332.0,8423.6368169
2017-11-15 03:00:00,331.2,332.74,333.0,330.02,10237.8430338
2017-11-15 02:00:00,329.62,331.21,332.71,329.01,11458.744864
2017-11-15 01:00:00,333.71,329.63,335.11,329.6,14396.876632
2017-11-15 00:00:00,334.29,333.71,336.29,330.76,13433.6695526
2017-11-14 23:00:00,331.76,334.28,334.9,330.73,7596.60574391
2017-11-14 22:00:00,333.03,331.8,336.4,329.1,20790.2080839
2017-11-14 21:00:00,330.28,333.03,333.1,328.39,11285.5809263
2017-11-14 20:00:00,329.55,330.28,331.49,328.01,8750.53101454
2017-11-14 19:00:00,324.16,329.56,329.99,324.04,8477.41007436
2017-11-14 18:00:00,325.48,324.2,327.0,321.1,12108.7594589
2017-11-14 17:00:00,326.99,325.55,327.94,324.63,9280.6262958
2017-11-14 16:00:00,326.97,326.99,327.95,324.53,8551.79981653
2017-11-14 15:00:00,326.91,326.98,328.5,324.1,14811.5707276
2017-11-14 14:00:00,324.0,326.91,326.92,322.69,13335.5046538
2017-11-14 13:00:00,321.83,324.0,324.5,321.1,14950.5359096
2017-11-14 12:00:00,319.72,321.88,324.99,315.02,16691.0126483
2017-11-14 11:00:00,328.73,319.87,329.0,314.0,29222.4488605
2017-11-14 10:00:00,330.0,328.67,332.8,324.0,13246.6737266
2017-11-14 09:00:00,326.11,330.08,333.29,323.0,28373.0372829
2017-11-14 08:00:00,326.37,326.02,336.97,325.11,67434.3214813
2017-11-14 07:00:00,320.9,326.37,326.9,319.02,43895.262697
2017-11-14 06:00:00,316.9,320.9,321.0,316.84,11904.1588963
2017-11-14 05:00:00,314.15,316.98,317.0,313.35,5852.02399634
2017-11-14 04:00:00,317.0,314.13,317.98,313.98,12769.920488
2017-11-14 03:00:00,319.28,316.82,322.01,315.0,18107.3400013
2017-11-14 02:00:00,314.07,319.29,319.67,314.06,13337.6328226
2017-11-14 01:00:00,314.0,314.06,316.12,313.22,11844.5728635
2017-11-14 00:00:00,313.31,313.99,318.57,313.22,18987.2367271
2017-11-13 23:00:00,311.73,313.22,315.04,311.55,8944.21593681
2017-11-13 22:00:00,311.0,311.73,313.14,310.5,8279.60718682
2017-11-13 21:00:00,310.81,311.0,313.5,310.5,10069.7810475
2017-11-13 20:00:00,310.4,310.8,312.5,308.82,5914.7017673
2017-11-13 19:00:00,310.95,310.41,313.6,310.0,12398.7335987
2017-11-13 18:00:00,309.06,310.94,311.98,305.5,20327.0377598
2017-11-13 17:00:00,308.55,309.63,311.34,307.71,8824.24770248
2017-11-13 16:00:00,310.97,308.63,311.95,308.0,13918.740194
2017-11-13 15:00:00,311.13,311.13,312.91,310.0,11204.4315558
2017-11-13 14:00:00,312.1,311.19,314.9,309.05,15155.6973514
2017-11-13 13:00:00,311.88,312.0,312.5,307.31,15711.8163684
2017-11-13 12:00:00,312.84,311.74,314.25,309.69,10681.252026
2017-11-13 11:00:00,312.46,312.8,314.8,311.5,9756.8852382
2017-11-13 10:00:00,311.48,312.5,313.0,309.0,7907.40007818
2017-11-13 09:00:00,311.56,311.48,314.76,310.11,8394.54330511
2017-11-13 08:00:00,311.51,311.51,315.0,310.46,9290.66535493
2017-11-13 07:00:00,308.59,311.79,312.41,307.13,12350.9104944
2017-11-13 06:00:00,308.78,308.6,310.0,306.63,13212.8359783
2017-11-13 05:00:00,308.81,308.16,314.69,305.35,20537.5727137
2017-11-13 04:00:00,311.84,308.82,314.63,307.4,16596.8494137
2017-11-13 03:00:00,314.03,311.6,316.95,310.12,11018.3309297
2017-11-13 02:00:00,315.26,314.25,318.0,312.45,12503.132452
2017-11-13 01:00:00,314.0,315.26,317.0,309.12,21325.3008875
2017-11-13 00:00:00,303.42,313.53,314.5,302.27,18877.0008948
2017-11-12 23:00:00,302.83,303.9,307.11,301.1,20549.7388539
2017-11-12 22:00:00,308.56,302.67,309.46,301.65,18732.7370488
2017-11-12 21:00:00,307.98,308.9,310.0,305.73,10839.6221898
2017-11-12 20:00:00,310.79,307.54,314.0,306.1,12245.7654151
2017-11-12 19:00:00,313.24,310.8,315.58,304.01,20196.2903354
2017-11-12 18:00:00,315.2,313.97,316.99,311.5,18408.1336152
2017-11-12 17:00:00,311.73,315.2,316.0,308.75,21926.8640059
2017-11-12 16:00:00,305.7,311.15,313.0,303.46,19378.5780737
2017-11-12 15:00:00,301.41,305.77,307.0,301.0,25596.1887943
2017-11-12 14:00:00,302.43,301.84,303.2,298.04,16124.3941968
2017-11-12 13:00:00,299.01,302.01,304.95,297.94,17416.2109262
2017-11-12 12:00:00,300.31,299.0,303.44,298.01,13759.5936451
2017-11-12 11:00:00,303.6,300.31,306.2,298.49,18863.2412183
2017-11-12 10:00:00,298.19,303.39,306.5,296.79,16480.1061445
2017-11-12 09:00:00,300.33,298.19,301.98,295.02,17035.5990911
2017-11-12 08:00:00,305.34,300.33,307.99,296.0,34690.4023964
2017-11-12 07:00:00,300.5,305.61,314.99,293.33,44517.5532374
2017-11-12 06:00:00,304.25,299.98,307.05,293.51,31688.7616229
2017-11-12 05:00:00,308.16,304.25,311.94,302.3,26860.7879272
2017-11-12 04:00:00,306.73,308.21,315.0,305.0,16918.5487085
2017-11-12 03:00:00,307.01,306.59,311.19,304.0,29524.4269387
2017-11-12 02:00:00,307.6,307.33,313.4,306.0,18347.6659432
2017-11-12 01:00:00,308.81,307.69,310.9,307.0,11695.3938528
2017-11-12 00:00:00,313.25,308.8,313.25,308.79,9339.57076002
2017-11-11 23:00:00,313.86,313.07,316.0,311.05,7815.84416363
2017-11-11 22:00:00,315.12,313.92,317.86,313.03,8289.24726965
2017-11-11 21:00:00,318.99,315.4,320.0,313.66,11958.2332703
2017-11-11 20:00:00,317.12,318.98,319.9,315.8,15783.7564418
2017-11-11 19:00:00,314.33,317.12,318.41,313.63,24461.3527672
2017-11-11 18:00:00,312.4,313.62,314.62,310.0,27035.1870004
2017-11-11 17:00:00,304.53,312.4,312.4,303.61,19683.9867596
2017-11-11 16:00:00,301.2,304.93,307.1,299.8,17643.9175315
2017-11-11 15:00:00,301.28,301.4,301.82,298.0,15166.094591
2017-11-11 14:00:00,300.11,301.48,303.97,299.0,20006.8722662
2017-11-11 13:00:00,297.5,300.49,304.38,295.1,24868.3581253
2017-11-11 12:00:00,297.93,297.08,300.0,295.1,14612.3984585
2017-11-11 11:00:00,299.73,298.17,301.78,297.89,10651.2323553
2017-11-11 10:00:00,301.69,299.75,305.67,299.75,6450.48942453
2017-11-11 09:00:00,302.69,301.69,303.38,300.22,4335.60287882
2017-11-11 08:00:00,300.61,302.5,302.78,300.09,3381.47870595
2017-11-11 07:00:00,300.63,300.26,302.35,298.22,7900.24995169
2017-11-11 06:00:00,298.3,300.81,300.89,298.04,3402.98777042
2017-11-11 05:00:00,301.44,298.32,301.91,297.35,6150.93066002
2017-11-11 04:00:00,299.54,301.48,301.99,298.81,5147.01475806
2017-11-11 03:00:00,300.1,299.31,300.9,298.75,4936.50244535
2017-11-11 02:00:00,299.8,300.1,301.1,298.18,5148.45066341
2017-11-11 01:00:00,302.18,299.96,302.5,298.76,6414.61500833
2017-11-11 00:00:00,296.12,302.28,302.28,294.7,8330.3487379
2017-11-10 23:00:00,300.31,296.18,300.36,293.58,9880.94975274
2017-11-10 22:00:00,299.0,300.39,303.33,298.65,13257.2628124
2017-11-10 21:00:00,292.76,298.91,299.5,292.4,25745.5037265
2017-11-10 20:00:00,296.01,293.12,296.19,290.54,25914.5086897
2017-11-10 19:00:00,288.98,296.04,296.28,286.96,40887.2948667
2017-11-10 18:00:00,299.55,288.98,299.55,286.0,29555.8886543
2017-11-10 17:00:00,302.95,299.35,303.38,296.54,27381.0089542
2017-11-10 16:00:00,303.28,302.95,304.04,302.36,7791.56260921
2017-11-10 15:00:00,302.71,303.0,304.97,302.35,15052.7611004
2017-11-10 14:00:00,306.21,302.82,306.27,302.71,12200.7346459
2017-11-10 13:00:00,304.24,306.22,308.0,302.92,17181.1190014
2017-11-10 12:00:00,311.51,304.18,314.98,303.63,23957.2293054
2017-11-10 11:00:00,321.9,311.93,324.03,311.0,28737.1100462
2017-11-10 10:00:00,316.98,321.9,321.9,316.58,7272.33719734
2017-11-10 09:00:00,316.37,316.54,319.4,315.88,7777.85804332
2017-11-10 08:00:00,314.72,316.3,316.79,312.57,11059.4327712
2017-11-10 07:00:00,317.63,314.76,317.69,314.0,11421.2280085
2017-11-10 06:00:00,317.03,317.62,317.63,316.0,7948.42169241
2017-11-10 05:00:00,318.0,316.79,318.12,316.02,7208.05643429
2017-11-10 04:00:00,318.51,318.0,319.49,317.99,4616.53479556
2017-11-10 03:00:00,317.75,318.25,319.09,316.83,4305.54047775
2017-11-10 02:00:00,318.99,317.74,319.2,316.82,6101.20413496
2017-11-10 01:00:00,319.99,318.99,319.99,317.4,4902.74903078
2017-11-10 00:00:00,319.52,320.0,320.22,317.01,5931.2851356
2017-11-09 23:00:00,317.5,319.52,322.0,316.1,8701.91728049
2017-11-09 22:00:00,319.87,317.54,319.97,316.37,15450.54355
2017-11-09 21:00:00,324.5,319.9,325.12,319.41,9663.50703839
2017-11-09 20:00:00,325.38,324.37,326.71,324.0,7323.77775877
2017-11-09 19:00:00,326.22,325.39,327.27,324.02,6959.14358512
2017-11-09 18:00:00,324.98,326.22,327.58,322.67,5728.18762549
2017-11-09 17:00:00,323.85,325.0,326.9,322.73,7232.54231788
2017-11-09 16:00:00,327.19,322.13,328.31,322.13,8224.62361014
2017-11-09 15:00:00,326.3,327.17,328.8,320.69,20629.5925686
2017-11-09 14:00:00,316.89,326.3,327.0,316.89,38424.9042276
2017-11-09 13:00:00,317.23,317.09,318.63,316.69,6606.52400286
2017-11-09 12:00:00,315.13,317.19,319.42,313.93,19059.2774209
2017-11-09 11:00:00,313.38,315.13,315.16,311.0,11724.3165245
2017-11-09 10:00:00,312.0,313.33,314.03,311.27,5542.25951906
2017-11-09 09:00:00,314.62,312.0,314.81,311.0,11959.6556423
2017-11-09 08:00:00,314.99,314.76,317.6,312.82,14432.5269946
2017-11-09 07:00:00,312.6,315.0,315.0,312.0,7733.66045447
2017-11-09 06:00:00,312.84,312.89,313.35,311.11,4197.18676165
2017-11-09 05:00:00,311.0,312.99,313.72,311.0,5916.58995189
2017-11-09 04:00:00,307.59,311.01,311.2,307.57,6812.72631283
2017-11-09 03:00:00,311.04,307.69,312.0,307.59,6543.08315048
2017-11-09 02:00:00,311.23,310.97,312.27,310.21,6048.19013301
2017-11-09 01:00:00,309.06,310.91,313.1,309.03,9098.43189309
2017-11-09 00:00:00,307.52,309.06,309.06,305.0,8649.12979546
2017-11-08 23:00:00,309.48,307.5,311.13,307.36,8549.12796263
2017-11-08 22:00:00,312.28,309.42,313.14,309.01,22425.2156215
2017-11-08 21:00:00,316.7,312.47,316.7,308.0,15135.6067562
2017-11-08 20:00:00,313.28,316.66,318.9,310.22,45658.4091018
2017-11-08 19:00:00,308.26,313.44,315.81,303.0,37521.0866007
2017-11-08 18:00:00,303.0,308.42,314.81,300.0,81987.7993316
2017-11-08 17:00:00,298.69,303.0,303.0,298.58,24283.4739207
2017-11-08 16:00:00,299.15,298.7,299.5,297.89,7613.30130271
2017-11-08 15:00:00,299.37,299.15,301.59,299.09,7975.8383161
2017-11-08 14:00:00,298.75,299.34,300.61,298.37,12578.5256487
2017-11-08 13:00:00,297.73,298.91,299.34,297.3,5433.09417254
2017-11-08 12:00:00,298.34,297.86,299.34,297.15,6360.7416332
2017-11-08 11:00:00,298.36,298.31,298.88,296.79,6181.39423726
2017-11-08 10:00:00,297.82,298.4,298.88,297.42,3970.42643229
2017-11-08 09:00:00,297.26,298.2,298.3,297.06,4087.94485224
2017-11-08 08:00:00,295.63,297.24,297.4,295.3,3968.29184531
2017-11-08 07:00:00,296.79,295.63,296.86,294.2,3526.57746372
2017-11-08 06:00:00,296.5,296.86,297.12,294.2,4396.10756165
2017-11-08 05:00:00,295.89,296.45,296.63,295.6,4976.52804209
2017-11-08 04:00:00,294.9,295.84,295.89,294.21,5205.35080281
2017-11-08 03:00:00,293.5,294.8,295.37,293.42,7728.71582855
2017-11-08 02:00:00,292.86,293.5,293.5,292.03,8071.388258
2017-11-08 01:00:00,291.56,292.91,294.87,291.5,6639.29006052
2017-11-08 00:00:00,291.39,291.56,292.31,290.11,3599.86215601
2017-11-07 23:00:00,291.56,291.42,292.76,289.5,6027.08969392
2017-11-07 22:00:00,292.9,291.73,294.37,290.63,8801.45704202
2017-11-07 21:00:00,289.98,292.9,293.0,289.4,4885.38230468
2017-11-07 20:00:00,290.03,290.0,290.03,289.0,5198.32219206
2017-11-07 19:00:00,290.58,290.03,292.68,289.01,7743.43383977
2017-11-07 18:00:00,292.33,290.69,292.79,289.46,7574.79845061
2017-11-07 17:00:00,288.11,292.35,292.79,287.31,8383.82274827
2017-11-07 16:00:00,289.89,288.34,290.0,285.01,13530.4002257
2017-11-07 15:00:00,288.0,289.9,290.0,286.2,13606.6418357
2017-11-07 14:00:00,289.95,288.0,292.08,287.01,22441.2514105
2017-11-07 13:00:00,296.0,289.99,296.63,288.31,40043.910495
2017-11-07 12:00:00,302.97,296.0,303.06,293.13,18130.7718169
2017-11-07 11:00:00,300.07,302.86,304.2,298.74,12436.8252408
2017-11-07 10:00:00,299.42,300.02,300.64,299.0,1997.54708889
2017-11-07 09:00:00,300.05,299.41,300.57,298.55,3469.78009591
2017-11-07 08:00:00,298.7,300.01,301.0,298.41,2734.20071995
2017-11-07 07:00:00,298.7,298.73,299.24,297.71,3518.60667435
2017-11-07 06:00:00,297.01,298.96,298.98,296.0,5074.81162162
2017-11-07 05:00:00,299.0,297.01,299.09,297.0,3855.93549004
2017-11-07 04:00:00,298.33,299.0,299.26,297.6,2633.80867605
2017-11-07 03:00:00,300.33,298.47,301.0,298.04,2906.57719536
2017-11-07 02:00:00,299.82,300.29,301.63,298.1,3586.53060695
2017-11-07 01:00:00,296.47,299.41,301.01,296.47,13334.222214
2017-11-07 00:00:00,296.67,296.37,298.26,295.5,4990.9647851
2017-11-06 23:00:00,296.65,296.9,298.99,295.5,6924.46736856
2017-11-06 22:00:00,299.19,296.79,299.84,296.01,5077.20232441
2017-11-06 21:00:00,299.54,299.25,299.72,298.24,2901.75824176
2017-11-06 20:00:00,302.29,299.66,305.73,299.01,7634.82041029
2017-11-06 19:00:00,299.59,302.3,302.5,299.54,7855.96573674
2017-11-06 18:00:00,299.51,299.61,299.69,298.02,7205.16999861
2017-11-06 17:00:00,300.27,299.53,301.3,298.52,4892.97049087
2017-11-06 16:00:00,303.87,300.26,303.88,299.55,5929.28335085
2017-11-06 15:00:00,298.78,303.87,310.0,297.78,32141.2778724
2017-11-06 14:00:00,300.98,298.8,301.0,298.1,5201.73674964
2017-11-06 13:00:00,303.23,300.98,303.46,300.63,5854.02551543
2017-11-06 12:00:00,300.56,303.37,303.97,300.39,7626.80561122
2017-11-06 11:00:00,299.17,300.5,302.49,298.7,15502.0285603
2017-11-06 10:00:00,296.17,299.2,299.33,296.15,7242.09567596
2017-11-06 09:00:00,295.92,296.31,296.51,294.4,3880.45948712
2017-11-06 08:00:00,294.25,296.1,296.67,294.12,6091.73365658
2017-11-06 07:00:00,294.17,294.52,295.3,292.25,2571.80152302
2017-11-06 06:00:00,293.88,294.46,295.23,293.79,3522.76074998
2017-11-06 05:00:00,292.65,293.9,294.06,292.16,5262.34156462
2017-11-06 04:00:00,293.13,292.59,293.57,292.0,5200.78992505
2017-11-06 03:00:00,294.18,293.01,295.0,292.8,4163.05088262
2017-11-06 02:00:00,294.32,294.18,294.7,294.0,2017.43680183
2017-11-06 01:00:00,294.36,294.41,294.9,293.48,2300.42852429
2017-11-06 00:00:00,295.38,294.38,296.17,293.77,2947.97569282
2017-11-05 23:00:00,295.63,295.63,296.5,292.28,5641.74926988
2017-11-05 22:00:00,296.51,295.25,297.19,294.64,2761.89114108
2017-11-05 21:00:00,296.5,296.56,297.5,295.33,4953.82209733
2017-11-05 20:00:00,295.26,296.31,296.5,294.6,5360.8557593
2017-11-05 19:00:00,295.15,295.44,296.0,294.82,2753.91487135
2017-11-05 18:00:00,295.32,295.13,296.0,294.99,5662.95615116
2017-11-05 17:00:00,296.14,295.21,297.0,294.97,4551.03073165
2017-11-05 16:00:00,295.11,295.84,296.58,294.79,5025.28801975
2017-11-05 15:00:00,296.88,295.11,297.04,294.85,3054.22767469
2017-11-05 14:00:00,295.48,296.98,298.0,294.13,6237.51626402
2017-11-05 13:00:00,297.5,295.49,297.93,295.3,6357.69769225
2017-11-05 12:00:00,297.8,297.5,298.16,296.53,9043.72838872
2017-11-05 11:00:00,297.98,297.8,299.87,297.8,5299.514621
2017-11-05 10:00:00,297.9,297.98,298.2,297.9,3043.04724388
2017-11-05 09:00:00,298.71,297.9,298.97,297.9,5233.97963269
2017-11-05 08:00:00,298.92,298.97,299.35,298.5,2138.22494078
2017-11-05 07:00:00,299.95,298.9,301.0,298.5,5119.77008356
2017-11-05 06:00:00,299.43,299.95,300.0,299.14,3077.23769553
2017-11-05 05:00:00,299.05,299.43,299.52,298.78,1135.40063656
2017-11-05 04:00:00,299.2,299.05,299.78,298.5,1424.19942305
2017-11-05 03:00:00,298.85,299.19,299.38,298.5,2509.26497006
2017-11-05 02:00:00,298.7,298.91,299.8,298.5,3866.03123763
2017-11-05 01:00:00,298.5,298.7,299.67,298.5,2325.66611612
2017-11-05 00:00:00,299.45,298.5,299.6,298.5,2204.86836422
2017-11-04 23:00:00,298.64,299.48,299.51,298.5,3594.90188243
2017-11-04 22:00:00,298.5,298.64,299.38,298.5,5129.55940066
2017-11-04 21:00:00,298.59,298.5,298.94,298.5,7154.98093541
2017-11-04 20:00:00,298.97,298.6,299.5,298.5,7269.01991553
2017-11-04 19:00:00,298.52,298.5,299.0,298.5,7421.05489406
2017-11-04 18:00:00,297.8,298.5,298.85,297.8,3824.90249512
2017-11-04 17:00:00,296.73,297.8,298.7,296.7,3426.42363986
2017-11-04 16:00:00,299.91,296.71,299.99,296.3,8823.67303947
2017-11-04 15:00:00,300.23,299.9,300.88,299.9,3061.50576944
2017-11-04 14:00:00,300.08,300.19,301.35,299.9,4325.85878473
2017-11-04 13:00:00,301.31,300.13,301.96,299.9,5476.71707375
2017-11-04 12:00:00,300.25,301.31,302.16,299.96,3569.18276905
2017-11-04 11:00:00,300.11,300.26,300.93,299.8,4270.78661122
2017-11-04 10:00:00,299.36,300.1,304.0,299.3,6995.47025741
2017-11-04 09:00:00,297.99,299.36,300.42,297.56,11300.0840415
2017-11-04 08:00:00,297.4,297.94,298.9,297.19,1512.66215005
2017-11-04 07:00:00,297.3,297.09,299.01,297.0,3613.71152796
2017-11-04 06:00:00,297.12,297.27,299.0,296.62,3560.79911196
2017-11-04 05:00:00,297.9,297.12,298.02,295.3,2295.38094532
2017-11-04 04:00:00,294.05,298.0,298.02,293.86,3214.65597285
2017-11-04 03:00:00,293.54,294.05,295.93,293.23,3854.52113901
2017-11-04 02:00:00,295.52,293.59,295.74,293.0,8813.69274985
2017-11-04 01:00:00,298.75,295.58,298.94,293.0,13491.1244878
2017-11-04 00:00:00,303.47,299.0,304.38,298.75,7047.63772099
2017-11-03 23:00:00,301.65,303.47,305.84,301.65,4397.44661524
2017-11-03 22:00:00,306.59,301.62,307.36,301.5,8747.51114061
2017-11-03 21:00:00,302.99,306.73,307.36,301.52,27847.2286231
2017-11-03 20:00:00,299.97,302.99,303.0,296.58,13054.6863235
2017-11-03 19:00:00,298.01,299.91,300.0,297.0,3999.79333064
2017-11-03 18:00:00,297.7,297.93,298.52,297.09,2529.99057913
2017-11-03 17:00:00,297.3,297.71,298.0,295.0,6595.53782305
2017-11-03 16:00:00,298.51,297.28,299.66,295.02,8010.86005063
2017-11-03 15:00:00,297.56,298.21,301.53,297.55,11699.0919987
2017-11-03 14:00:00,297.68,297.58,298.0,296.0,7808.00396388
2017-11-03 13:00:00,297.12,297.72,298.63,296.0,7475.22317648
2017-11-03 12:00:00,296.59,297.1,298.0,294.01,10769.662679
2017-11-03 11:00:00,293.44,296.59,296.9,292.24,10988.6476299
2017-11-03 10:00:00,291.77,293.45,294.98,290.69,6686.74836355
2017-11-03 09:00:00,292.74,291.68,293.73,290.7,8265.11989606
2017-11-03 08:00:00,292.37,293.65,294.87,291.89,8676.18020457
2017-11-03 07:00:00,289.03,292.34,293.3,288.71,7577.93724916
2017-11-03 06:00:00,288.95,289.2,292.3,288.21,6509.10657284
2017-11-03 05:00:00,289.16,288.94,292.5,287.6,9659.96808299
2017-11-03 04:00:00,285.6,289.66,292.5,285.59,22212.9154406
2017-11-03 03:00:00,288.82,285.59,289.49,285.28,5917.798852
2017-11-03 02:00:00,288.0,288.61,288.88,284.12,6600.65814297
2017-11-03 01:00:00,285.53,287.99,289.0,285.15,5843.79478428
2017-11-03 00:00:00,284.88,285.52,288.65,284.0,6938.66644533
2017-11-02 23:00:00,283.75,284.89,285.38,282.02,7042.01098081
2017-11-02 22:00:00,284.19,283.75,284.84,282.58,4391.28582538
2017-11-02 21:00:00,286.47,284.01,287.24,283.5,3545.92622478
2017-11-02 20:00:00,288.08,286.44,289.57,285.67,4628.16006845
2017-11-02 19:00:00,284.85,288.01,291.0,283.22,12863.3779567
2017-11-02 18:00:00,284.45,284.87,286.0,283.54,3708.63476721
2017-11-02 17:00:00,284.52,284.42,286.99,283.75,6287.33832015
2017-11-02 16:00:00,286.38,284.6,286.74,283.55,6340.19934744
2017-11-02 15:00:00,289.5,286.38,290.0,286.25,9313.76485851
2017-11-02 14:00:00,283.78,289.5,289.5,283.1,10736.4839898
2017-11-02 13:00:00,282.96,283.5,285.8,281.83,7407.07511521
2017-11-02 12:00:00,287.89,282.92,289.45,281.42,12443.9807742
2017-11-02 11:00:00,278.0,288.38,289.45,276.0,27535.376158
2017-11-02 10:00:00,279.8,278.0,280.26,276.62,12692.2184317
2017-11-02 09:00:00,278.52,279.91,280.71,277.69,8973.41909158
2017-11-02 08:00:00,281.9,278.53,283.49,278.51,5722.52478534
2017-11-02 07:00:00,281.05,281.9,284.95,279.79,7688.49407886
2017-11-02 06:00:00,282.65,281.05,284.99,281.05,6094.77200472
2017-11-02 05:00:00,283.98,282.65,285.25,281.71,5186.20231602
2017-11-02 04:00:00,285.0,283.97,286.73,283.88,5189.24430041
2017-11-02 03:00:00,285.94,284.99,285.99,283.61,8498.63478541
2017-11-02 02:00:00,289.19,286.29,293.01,285.29,23411.6397683
2017-11-02 01:00:00,287.11,288.08,290.0,275.21,40598.1438991
2017-11-02 00:00:00,288.84,287.3,292.9,286.66,20590.60371
2017-11-01 23:00:00,292.1,288.6,292.91,287.04,8303.1508073
2017-11-01 22:00:00,294.74,292.1,295.2,289.58,13880.9572588
2017-11-01 21:00:00,296.73,294.68,297.9,294.1,9855.78844323
2017-11-01 20:00:00,296.51,296.56,297.88,295.25,6699.85074223
2017-11-01 19:00:00,295.8,296.51,298.88,295.52,5612.77793616
2017-11-01 18:00:00,295.18,295.92,297.0,295.02,2604.37326717
2017-11-01 17:00:00,296.59,295.11,296.59,294.35,4838.31538228
2017-11-01 16:00:00,297.19,296.46,298.0,295.3,3495.62000633
2017-11-01 15:00:00,299.96,297.21,301.17,296.48,7815.61487623
2017-11-01 14:00:00,297.85,299.96,301.8,297.84,13101.4628751
2017-11-01 13:00:00,298.49,297.85,298.78,296.74,4458.62301248
2017-11-01 12:00:00,296.04,298.49,298.72,294.06,4939.29700667
2017-11-01 11:00:00,297.41,296.0,298.41,294.0,11655.4421935
2017-11-01 10:00:00,301.3,297.35,301.45,295.89,12147.8453701
2017-11-01 09:00:00,303.06,301.39,304.0,301.0,4873.84251284
2017-11-01 08:00:00,302.39,303.22,303.94,302.01,4473.67369287
2017-11-01 07:00:00,303.92,302.01,303.92,301.86,4885.97811646
2017-11-01 06:00:00,302.52,304.13,304.69,302.42,2954.57315328
2017-11-01 05:00:00,302.51,302.55,303.0,301.97,2194.21894396
2017-11-01 04:00:00,302.5,302.61,303.01,298.22,10380.0198244
2017-11-01 03:00:00,303.5,302.5,303.64,302.5,2996.3915433
2017-11-01 02:00:00,303.21,303.4,303.72,303.1,2436.46030283
2017-11-01 01:00:00,302.71,303.2,304.14,302.5,5898.16509174
2017-11-01 00:00:00,303.69,302.72,305.11,302.51,4291.32834427
2017-10-31 23:00:00,304.86,303.69,306.11,303.1,4070.79183205
2017-10-31 22:00:00,305.87,304.87,307.0,304.86,4202.3519114
2017-10-31 21:00:00,305.72,305.51,306.05,305.4,1291.88765678
2017-10-31 20:00:00,306.38,305.78,307.0,305.19,2081.04258019
2017-10-31 19:00:00,305.74,306.42,306.44,305.2,3363.83847383
2017-10-31 18:00:00,306.64,305.74,306.99,305.59,2052.62120061
2017-10-31 17:00:00,306.2,306.69,307.0,305.35,1572.09205075
2017-10-31 16:00:00,305.75,306.2,309.0,305.63,2589.4958487
2017-10-31 15:00:00,304.84,305.78,307.06,303.93,5562.79932103
2017-10-31 14:00:00,308.29,304.86,308.48,304.0,7839.47593608
2017-10-31 13:00:00,307.1,308.26,308.98,307.0,3870.62311231
2017-10-31 12:00:00,308.49,307.11,310.0,307.0,3464.08280985
2017-10-31 11:00:00,307.47,308.55,309.89,307.15,5292.13172927
2017-10-31 10:00:00,308.24,307.45,308.49,306.98,2196.61956198
2017-10-31 09:00:00,308.02,308.23,308.24,307.41,1297.67462545
2017-10-31 08:00:00,306.65,308.0,308.49,306.23,4386.8838148
2017-10-31 07:00:00,308.0,306.65,308.41,306.64,4836.28491034
2017-10-31 06:00:00,310.43,308.16,310.46,308.0,1970.47886955
2017-10-31 05:00:00,309.75,310.44,312.0,309.66,3803.6604053
2017-10-31 04:00:00,308.01,309.75,310.3,307.84,7132.16365059
2017-10-31 03:00:00,308.79,308.0,309.3,307.8,760.78272814
2017-10-31 02:00:00,307.94,308.78,309.27,307.8,5188.40750633
2017-10-31 01:00:00,307.02,307.98,308.24,307.0,1760.93065184
2017-10-31 00:00:00,306.99,307.03,307.37,306.38,1247.23331702
2017-10-30 23:00:00,304.8,307.0,309.0,304.47,2617.08350474
2017-10-30 22:00:00,305.05,305.04,305.85,304.51,1180.46872874
2017-10-30 21:00:00,305.02,305.0,305.78,305.0,1116.33553082
2017-10-30 20:00:00,304.9,305.0,305.88,304.87,965.3433
2017-10-30 19:00:00,305.71,304.76,305.9,304.5,2082.97878235
2017-10-30 18:00:00,305.79,305.68,306.64,305.48,910.69033806
2017-10-30 17:00:00,305.73,305.77,305.97,304.52,1666.81789658
2017-10-30 16:00:00,306.1,305.87,306.85,304.51,1869.40713219
2017-10-30 15:00:00,306.03,306.32,307.4,304.46,4252.25866118
2017-10-30 14:00:00,307.47,306.02,307.78,304.24,5319.60326391
2017-10-30 13:00:00,307.2,307.47,309.06,306.43,6611.18062121
2017-10-30 12:00:00,308.69,307.2,309.0,306.66,3658.32577199
2017-10-30 11:00:00,310.22,308.63,310.76,308.14,2725.10264447
2017-10-30 10:00:00,309.9,310.22,311.2,308.96,4319.87338457
2017-10-30 09:00:00,310.73,309.9,310.85,309.11,5622.04053469
2017-10-30 08:00:00,309.41,310.73,314.4,308.84,11950.0580032
2017-10-30 07:00:00,308.9,309.27,310.81,308.73,4302.68782334
2017-10-30 06:00:00,307.81,308.9,309.62,307.62,2323.90243058
2017-10-30 05:00:00,308.85,307.82,309.87,307.5,2824.66624072
2017-10-30 04:00:00,307.93,308.8,309.2,307.93,2176.65932583
2017-10-30 03:00:00,307.0,308.2,308.69,305.98,2986.10714469
2017-10-30 02:00:00,308.46,306.93,309.09,305.5,2830.61433022
2017-10-30 01:00:00,307.34,308.45,310.02,307.0,8790.47061528
2017-10-30 00:00:00,304.38,307.31,307.31,303.93,3658.65838043
2017-10-29 23:00:00,306.14,304.39,306.48,303.93,4726.31838383
2017-10-29 22:00:00,306.06,306.25,308.0,304.99,2959.12460979
2017-10-29 21:00:00,307.78,306.04,308.21,305.8,4130.4533333
2017-10-29 20:00:00,306.35,307.08,308.95,305.6,5806.52967263
2017-10-29 19:00:00,307.9,306.38,308.48,304.54,4428.4541286
2017-10-29 18:00:00,307.21,307.9,309.39,307.16,2689.61723776
2017-10-29 17:00:00,307.24,307.2,308.43,306.51,2659.4639014
2017-10-29 16:00:00,308.54,307.41,309.3,306.95,7963.85130815
2017-10-29 15:00:00,307.19,308.54,310.77,298.21,18723.5259284
2017-10-29 14:00:00,306.08,307.0,309.0,305.5,11950.4967102
2017-10-29 13:00:00,309.89,306.1,312.49,304.47,23294.6126367
2017-10-29 12:00:00,307.01,309.94,309.98,304.38,15492.3077392
2017-10-29 11:00:00,295.84,307.02,310.0,295.35,30110.7756941
2017-10-29 10:00:00,296.37,295.87,297.08,295.17,7023.1230463
2017-10-29 09:00:00,297.49,296.26,297.73,295.91,1484.96253783
2017-10-29 08:00:00,297.0,297.57,298.14,296.27,2682.10843479
2017-10-29 07:00:00,296.07,296.97,298.71,296.07,5702.68915328
2017-10-29 06:00:00,295.36,296.0,296.0,294.77,1745.73808829
2017-10-29 05:00:00,294.39,295.74,295.76,293.67,1456.71843896
2017-10-29 04:00:00,293.96,294.32,295.78,293.45,1568.09969854
2017-10-29 03:00:00,293.89,293.83,294.73,292.65,1196.94310924
2017-10-29 02:00:00,293.45,293.95,294.64,290.5,3132.92473927
2017-10-29 01:00:00,292.31,293.31,294.39,292.05,2816.99511024
2017-10-29 00:00:00,293.59,292.36,293.8,291.0,3409.8602975
2017-10-28 23:00:00,292.9,293.49,294.48,292.25,3385.59353761
2017-10-28 22:00:00,293.33,292.9,293.73,291.65,1899.52711804
2017-10-28 21:00:00,292.9,293.33,293.72,292.49,991.78559007
2017-10-28 20:00:00,294.02,292.9,294.42,292.39,2564.66544389
2017-10-28 19:00:00,294.47,294.03,295.16,293.57,2819.79062473
2017-10-28 18:00:00,294.87,294.47,295.4,293.88,1497.82198299
2017-10-28 17:00:00,293.51,295.03,296.01,293.11,4892.30844993
2017-10-28 16:00:00,292.8,293.37,293.85,292.28,2807.48380165
2017-10-28 15:00:00,294.41,292.8,294.59,292.0,4215.90657816
2017-10-28 14:00:00,295.5,294.44,296.99,292.99,5665.05623512
2017-10-28 13:00:00,291.24,295.41,296.7,289.91,6059.6432951
2017-10-28 12:00:00,292.06,291.24,292.1,288.6,4732.38856218
2017-10-28 11:00:00,293.02,292.07,293.02,290.42,5950.70433817
2017-10-28 10:00:00,292.68,293.19,293.77,292.6,1552.44272727
2017-10-28 09:00:00,292.56,292.68,293.51,292.53,2276.26065419
2017-10-28 08:00:00,293.03,292.63,293.82,292.5,1317.01939797
2017-10-28 07:00:00,294.21,293.1,294.36,293.0,1000.53248469
2017-10-28 06:00:00,293.63,294.13,294.39,293.0,765.12646748
2017-10-28 05:00:00,292.82,293.63,294.0,292.54,1834.88544978
2017-10-28 04:00:00,292.29,292.84,293.6,292.16,1887.89762412
2017-10-28 03:00:00,293.62,292.6,294.09,290.01,4397.42861053
2017-10-28 02:00:00,295.48,293.62,296.35,293.55,1307.09698232
2017-10-28 01:00:00,295.72,295.28,297.01,293.96,3967.08888285
2017-10-28 00:00:00,296.0,295.54,296.5,295.02,2801.31898352
2017-10-27 23:00:00,295.66,295.99,296.0,294.02,857.28106507
2017-10-27 22:00:00,294.39,295.98,296.0,293.86,2131.34718989
2017-10-27 21:00:00,294.47,294.38,295.5,293.88,1678.81520776
2017-10-27 20:00:00,294.61,294.48,295.34,294.18,1124.14155138
2017-10-27 19:00:00,295.1,294.48,295.5,294.06,927.97698871
2017-10-27 18:00:00,295.69,295.1,295.91,295.0,1427.84575539
2017-10-27 17:00:00,293.83,295.46,297.0,293.74,4651.58632332
2017-10-27 16:00:00,293.4,293.84,295.87,293.2,1906.91199306
2017-10-27 15:00:00,293.49,293.24,293.81,293.14,1234.86181113
2017-10-27 14:00:00,293.58,293.66,294.0,292.75,2318.39751394
2017-10-27 13:00:00,295.81,293.65,296.09,291.6,6986.97887441
2017-10-27 12:00:00,296.64,295.79,297.36,295.44,3966.03459538
2017-10-27 11:00:00,295.95,296.31,297.89,295.51,4661.97050024
2017-10-27 10:00:00,296.49,296.04,297.0,295.58,4735.49478006
2017-10-27 09:00:00,296.22,296.49,297.0,296.0,1520.25264519
2017-10-27 08:00:00,296.94,296.41,297.0,295.84,1856.32670799
2017-10-27 07:00:00,297.58,297.02,298.4,296.7,3595.70781067
2017-10-27 06:00:00,296.3,297.59,298.7,295.65,5882.31775618
2017-10-27 05:00:00,296.41,296.11,298.69,295.64,2745.27403061
2017-10-27 04:00:00,297.0,296.45,297.39,295.8,2084.53739215
2017-10-27 03:00:00,295.63,297.0,297.0,295.14,2319.23234016
2017-10-27 02:00:00,297.31,295.76,297.74,295.3,4000.8330739
2017-10-27 01:00:00,297.54,297.37,299.5,296.69,4760.78403995
2017-10-27 00:00:00,295.02,297.59,297.6,294.94,1167.39103416
2017-10-26 23:00:00,295.47,295.1,296.0,294.82,1116.45171447
2017-10-26 22:00:00,294.08,295.64,298.0,293.8,2338.0837977
2017-10-26 21:00:00,295.24,294.55,296.2,293.79,1039.90394429
2017-10-26 20:00:00,294.13,295.17,296.34,293.65,2115.58762836
2017-10-26 19:00:00,293.9,294.13,295.35,292.73,2091.71597979
2017-10-26 18:00:00,295.19,293.86,295.39,290.55,3611.02291085
2017-10-26 17:00:00,295.48,295.19,296.33,294.92,1353.17454299
2017-10-26 16:00:00,296.8,295.63,297.98,295.1,3134.04936465
2017-10-26 15:00:00,295.99,296.8,297.48,295.0,4154.10704517
2017-10-26 14:00:00,295.98,296.23,296.99,295.5,2079.79810407
2017-10-26 13:00:00,297.94,295.87,298.43,295.0,4515.04655249
2017-10-26 12:00:00,298.7,297.88,299.0,296.65,5052.57546615
2017-10-26 11:00:00,297.47,298.7,299.0,297.33,3423.680081
2017-10-26 10:00:00,296.99,297.28,297.62,296.81,1430.02841997
2017-10-26 09:00:00,295.24,296.73,297.65,294.83,3797.03851328
2017-10-26 08:00:00,295.2,295.25,295.25,294.64,1543.60487889
2017-10-26 07:00:00,295.47,295.24,295.72,294.09,3714.65209206
2017-10-26 06:00:00,295.9,295.46,296.1,294.93,3034.15277527
2017-10-26 05:00:00,297.12,295.9,297.12,295.21,1163.85488067
2017-10-26 04:00:00,297.75,297.14,297.78,295.76,954.23438824
2017-10-26 03:00:00,297.63,297.79,298.32,295.8,1102.20716594
2017-10-26 02:00:00,295.64,297.72,298.0,295.42,1764.12799622
2017-10-26 01:00:00,295.38,295.64,297.37,295.19,1372.85105521
2017-10-26 00:00:00,295.45,295.04,296.37,293.15,3770.3976739
2017-10-25 23:00:00,296.35,295.46,298.91,294.53,4193.54251688
2017-10-25 22:00:00,295.85,296.06,296.94,293.76,1273.3363636
2017-10-25 21:00:00,296.51,295.86,297.09,294.72,1635.30149726
2017-10-25 20:00:00,299.56,296.44,299.6,296.16,2948.34888575
2017-10-25 19:00:00,296.63,299.56,299.6,296.22,4430.91091836
2017-10-25 18:00:00,294.89,296.49,296.87,294.85,3796.1262092
2017-10-25 17:00:00,294.29,294.9,296.0,293.66,3321.77633583
2017-10-25 16:00:00,292.35,294.29,295.43,291.83,3809.17893216
2017-10-25 15:00:00,293.59,292.43,293.74,289.9,7637.92794654
2017-10-25 14:00:00,294.6,293.67,295.32,292.85,2416.34212516
2017-10-25 13:00:00,294.47,294.61,296.1,293.81,3920.62091838
2017-10-25 12:00:00,293.5,294.46,294.72,290.82,3488.46303677
2017-10-25 11:00:00,291.25,293.5,294.68,290.57,4196.13311048
2017-10-25 10:00:00,296.2,291.36,296.41,291.19,3596.33578992
2017-10-25 09:00:00,297.65,296.18,298.55,296.15,2835.94442733
2017-10-25 08:00:00,298.54,297.65,299.71,297.46,2978.7207883
2017-10-25 07:00:00,297.22,298.59,300.0,297.22,5181.54005222
2017-10-25 06:00:00,293.91,297.2,297.9,293.59,2631.19854037
2017-10-25 05:00:00,294.25,293.86,295.06,292.1,2356.47899139
2017-10-25 04:00:00,296.05,294.3,297.25,294.11,3101.81842225
2017-10-25 03:00:00,289.19,296.05,296.27,289.1,5979.81236982
2017-10-25 02:00:00,289.81,289.19,291.99,288.5,4627.67609047
2017-10-25 01:00:00,295.74,289.8,295.74,289.5,12059.6761259
2017-10-25 00:00:00,296.3,295.72,297.46,295.16,1934.00835777
2017-10-24 23:00:00,295.86,296.3,297.59,292.61,5231.13536642
2017-10-24 22:00:00,296.75,295.89,297.69,294.79,5752.62304067
2017-10-24 21:00:00,301.94,296.84,302.0,296.58,8924.7360705
2017-10-24 20:00:00,305.8,302.0,305.9,300.03,4344.66452505
2017-10-24 19:00:00,303.1,305.8,305.88,302.99,1987.65424368
2017-10-24 18:00:00,302.8,303.1,304.96,302.5,2062.95619946
2017-10-24 17:00:00,303.43,302.9,303.9,302.02,4158.54241851
2017-10-24 16:00:00,306.21,303.43,308.0,302.28,6798.78167554
2017-10-24 15:00:00,307.99,305.72,308.96,305.6,6336.19012435
2017-10-24 14:00:00,309.14,307.99,311.0,307.0,7247.68909235
2017-10-24 13:00:00,306.1,309.13,311.21,304.1,11313.4317999
2017-10-24 12:00:00,309.54,306.09,309.54,305.0,5096.13210382
2017-10-24 11:00:00,308.02,309.53,309.9,307.0,6520.93305618
2017-10-24 10:00:00,306.47,308.0,309.13,306.08,3889.85772754
2017-10-24 09:00:00,304.07,306.46,309.0,304.07,7300.82187308
2017-10-24 08:00:00,305.14,304.1,305.71,303.15,4982.59698095
2017-10-24 07:00:00,304.71,305.09,305.99,301.69,6752.52679542
2017-10-24 06:00:00,308.62,304.71,309.9,303.68,8340.74169913
2017-10-24 05:00:00,305.03,308.64,309.33,303.6,8614.71885437
2017-10-24 04:00:00,300.29,305.0,305.34,300.01,6622.30300211
2017-10-24 03:00:00,304.02,300.29,306.58,298.77,7243.47349501
2017-10-24 02:00:00,301.44,304.12,311.85,300.0,33611.8166918
2017-10-24 01:00:00,281.75,301.23,307.0,280.02,43340.4658271
2017-10-24 00:00:00,285.0,281.7,285.1,280.02,10728.2934707
2017-10-23 23:00:00,285.52,284.85,285.63,284.01,8014.64368446
2017-10-23 22:00:00,284.03,285.52,286.39,281.64,4888.20577215
2017-10-23 21:00:00,281.91,284.12,284.12,281.0,5307.50208205
2017-10-23 20:00:00,283.16,282.02,284.29,281.32,6137.5420694
2017-10-23 19:00:00,280.81,283.06,284.2,280.0,9546.0065268
2017-10-23 18:00:00,282.29,280.84,282.55,279.4,4960.451895
2017-10-23 17:00:00,281.99,282.29,283.5,281.01,5749.74004261
2017-10-23 16:00:00,278.99,281.99,281.99,275.42,8764.75395349
2017-10-23 15:00:00,276.72,278.92,279.92,273.5,11027.3450925
2017-10-23 14:00:00,276.33,276.68,278.8,274.28,9275.47464612
2017-10-23 13:00:00,280.14,276.18,281.45,273.55,17502.2978694
2017-10-23 12:00:00,285.89,280.14,286.0,278.98,12167.3822808
2017-10-23 11:00:00,285.74,285.83,287.3,284.68,6090.76205338
2017-10-23 10:00:00,284.24,285.97,286.37,283.19,4895.06491057
2017-10-23 09:00:00,281.97,284.23,284.3,277.33,11729.3037367
2017-10-23 08:00:00,285.1,281.93,285.5,281.93,7941.18904345
2017-10-23 07:00:00,285.71,285.1,287.0,284.1,5799.09543234
2017-10-23 06:00:00,290.04,285.86,290.04,282.0,16584.0038482
2017-10-23 05:00:00,291.01,290.04,291.96,289.43,2794.98807122
2017-10-23 04:00:00,291.91,291.19,292.33,290.0,3525.01940261
2017-10-23 03:00:00,292.07,291.58,292.29,290.91,4692.98747594
2017-10-23 02:00:00,292.15,292.06,292.71,291.49,740.05792253
2017-10-23 01:00:00,293.26,292.03,293.28,291.39,1434.31729879
2017-10-23 00:00:00,293.52,293.28,293.96,291.51,1451.15782996
2017-10-22 23:00:00,291.83,293.55,294.1,291.51,1504.39126462
2017-10-22 22:00:00,293.53,291.82,294.92,290.99,4532.21269661
2017-10-22 21:00:00,289.41,293.54,293.85,289.41,5537.71309204
2017-10-22 20:00:00,291.54,289.4,292.27,289.4,4005.57991386
2017-10-22 19:00:00,290.98,291.48,292.23,289.99,4527.82979338
2017-10-22 18:00:00,292.51,290.98,293.0,290.82,4395.20759051
2017-10-22 17:00:00,293.45,292.52,294.01,292.52,2881.00493479
2017-10-22 16:00:00,295.24,293.66,295.3,293.0,2523.31177384
2017-10-22 15:00:00,295.62,295.21,296.0,294.2,1829.95808901
2017-10-22 14:00:00,296.37,295.64,296.74,294.6,5530.00102338
2017-10-22 13:00:00,293.81,296.07,296.43,293.6,3372.24347813
2017-10-22 12:00:00,292.39,293.62,294.3,290.97,6218.9176597
2017-10-22 11:00:00,291.58,292.34,292.8,290.08,6000.13792693
2017-10-22 10:00:00,293.01,291.56,294.66,291.27,3778.70082098
2017-10-22 09:00:00,296.19,292.94,296.32,292.0,3807.98664398
2017-10-22 08:00:00,294.18,296.19,296.4,293.52,2896.0744187
2017-10-22 07:00:00,295.92,294.13,296.16,293.55,1739.40130152
2017-10-22 06:00:00,295.71,296.01,296.5,292.25,2753.58291286
2017-10-22 05:00:00,295.4,295.71,297.42,292.5,6154.53938659
2017-10-22 04:00:00,300.91,295.67,302.48,295.28,5562.70901677
2017-10-22 03:00:00,304.15,300.96,305.62,300.01,3444.97063682
2017-10-22 02:00:00,303.0,303.99,305.0,302.23,7805.99102308
2017-10-22 01:00:00,300.88,303.0,303.0,300.64,2980.11367252
2017-10-22 00:00:00,299.29,300.81,301.9,299.28,1884.78231627
2017-10-21 23:00:00,300.31,299.23,300.38,297.53,2478.65416716
2017-10-21 22:00:00,299.58,300.35,300.57,298.98,2124.70932399
2017-10-21 21:00:00,296.75,299.58,300.18,296.28,2988.75660164
2017-10-21 20:00:00,297.23,296.77,300.34,295.05,3081.01688341
2017-10-21 19:00:00,297.96,297.38,298.68,296.0,1872.4178497
2017-10-21 18:00:00,296.36,298.08,300.97,295.08,4084.09506401
2017-10-21 17:00:00,293.43,296.36,299.74,290.44,10135.0115348
2017-10-21 16:00:00,291.23,293.28,293.81,290.4,5467.68533925
2017-10-21 15:00:00,293.45,291.27,294.57,289.31,11796.0682269
2017-10-21 14:00:00,294.81,293.32,296.5,293.0,4621.7864679
2017-10-21 13:00:00,294.51,294.8,295.6,294.12,3735.11098743
2017-10-21 12:00:00,294.91,294.76,294.91,293.7,7017.52719706
2017-10-21 11:00:00,295.92,294.91,296.3,294.34,9915.10655029
2017-10-21 10:00:00,296.73,295.75,297.58,295.56,4964.13876101
2017-10-21 09:00:00,297.06,296.72,297.99,296.54,1370.90814537
2017-10-21 08:00:00,298.16,297.06,298.3,296.01,3879.59974732
2017-10-21 07:00:00,299.11,298.25,299.35,297.72,1859.8464632
2017-10-21 06:00:00,298.49,299.1,299.55,297.06,2362.00119545
2017-10-21 05:00:00,297.21,298.49,301.32,296.93,5372.10417086
2017-10-21 04:00:00,300.32,297.21,300.85,296.38,6119.96134582
2017-10-21 03:00:00,300.61,300.38,301.97,299.02,1970.41727159
2017-10-21 02:00:00,300.47,300.65,301.59,299.68,1894.29032108
2017-10-21 01:00:00,301.86,300.47,303.0,300.15,3029.02469992
2017-10-21 00:00:00,302.57,301.63,302.7,300.95,3425.0340277
2017-10-20 23:00:00,303.29,302.61,304.0,301.9,2475.96623639
2017-10-20 22:00:00,304.5,303.2,304.8,302.3,2625.54012311
2017-10-20 21:00:00,304.96,304.19,305.45,302.4,4247.93684811
2017-10-20 20:00:00,306.1,304.85,306.7,301.04,12427.0978259
2017-10-20 19:00:00,307.76,306.1,309.33,305.52,2798.70240757
2017-10-20 18:00:00,307.6,307.76,308.85,306.73,2707.75639096
2017-10-20 17:00:00,308.43,307.35,308.79,306.0,3789.91835686
2017-10-20 16:00:00,309.98,308.37,310.95,305.01,7053.16712114
2017-10-20 15:00:00,308.17,309.71,313.01,307.84,14427.1078108
2017-10-20 14:00:00,307.57,307.94,310.97,305.0,16824.2228928
2017-10-20 13:00:00,304.64,307.64,308.0,304.32,3311.98701263
2017-10-20 12:00:00,304.33,304.66,306.9,303.97,3884.92835256
2017-10-20 11:00:00,304.44,304.35,305.85,303.68,4149.96800775
2017-10-20 10:00:00,303.2,304.47,305.22,302.98,2619.75912518
2017-10-20 09:00:00,303.83,303.33,304.0,301.97,8492.59568914
2017-10-20 08:00:00,304.5,303.9,305.23,303.41,2927.10121011
2017-10-20 07:00:00,304.7,304.5,305.28,304.12,2858.98132108
2017-10-20 06:00:00,306.41,304.8,307.92,303.1,5807.07547939
2017-10-20 05:00:00,307.51,306.34,308.02,306.29,3068.8172256
2017-10-20 04:00:00,308.0,307.52,308.79,307.45,2518.87639497
2017-10-20 03:00:00,307.07,308.09,308.09,306.53,3320.48835795
2017-10-20 02:00:00,307.0,306.9,307.89,305.98,2508.12494609
2017-10-20 01:00:00,309.19,306.99,309.5,306.8,2292.15991568
2017-10-20 00:00:00,306.96,309.3,309.89,306.22,2203.31146795
2017-10-19 23:00:00,308.46,306.97,308.6,306.67,1744.5217821
2017-10-19 22:00:00,308.28,308.57,309.0,307.0,1528.60535819
2017-10-19 21:00:00,306.84,308.28,308.28,306.15,1641.32063155
2017-10-19 20:00:00,305.91,307.17,307.93,304.85,3498.71289081
2017-10-19 19:00:00,305.83,305.81,306.69,304.68,4088.15146753
2017-10-19 18:00:00,307.28,305.89,307.87,305.68,5089.15549018
2017-10-19 17:00:00,308.83,307.16,310.0,306.33,5171.99093647
2017-10-19 16:00:00,307.57,308.63,310.24,307.39,4746.40295038
2017-10-19 15:00:00,312.69,307.54,314.0,305.88,10252.659405
2017-10-19 14:00:00,307.49,312.63,314.02,306.81,11895.975624
2017-10-19 13:00:00,306.14,307.49,307.49,304.45,4318.75437178
2017-10-19 12:00:00,306.33,306.4,306.93,304.0,3811.40977323
2017-10-19 11:00:00,308.3,306.33,308.3,306.32,6246.77796716
2017-10-19 10:00:00,309.48,308.31,309.5,307.25,5305.69792258
2017-10-19 09:00:00,307.76,309.48,309.96,306.71,7405.13688336
2017-10-19 08:00:00,306.93,307.76,310.32,306.51,4109.85024886
2017-10-19 07:00:00,305.46,306.91,307.97,304.64,3354.65302475
2017-10-19 06:00:00,307.32,305.39,308.58,304.51,6260.2145875
2017-10-19 05:00:00,311.32,306.86,312.03,306.03,4858.29090887
2017-10-19 04:00:00,312.7,311.32,314.9,311.32,2118.39034423
2017-10-19 03:00:00,311.61,312.45,313.5,310.99,1865.50255037
2017-10-19 02:00:00,315.58,311.62,316.29,310.02,3755.44172432
2017-10-19 01:00:00,310.94,315.53,316.5,310.91,10647.4131211
2017-10-19 00:00:00,313.42,310.91,313.99,309.33,4561.14758906
2017-10-18 23:00:00,312.1,313.45,315.0,309.99,8543.02861923
2017-10-18 22:00:00,307.12,312.16,314.0,306.8,8380.56704131
2017-10-18 21:00:00,305.43,306.86,308.7,304.66,8725.19568649
2017-10-18 20:00:00,301.19,305.76,305.77,301.18,4537.39320942
2017-10-18 19:00:00,302.67,301.18,304.0,298.08,7758.7413633
2017-10-18 18:00:00,301.09,302.87,303.5,300.0,7671.07779857
2017-10-18 17:00:00,303.95,301.06,307.0,299.01,14379.7766744
2017-10-18 16:00:00,303.63,304.0,310.05,303.31,20062.6877342
2017-10-18 15:00:00,294.5,303.25,306.88,293.5,20761.8489635
2017-10-18 14:00:00,289.88,294.37,294.77,287.46,15159.391068
2017-10-18 13:00:00,298.41,289.89,298.41,289.37,19059.1393975
2017-10-18 12:00:00,297.8,298.28,298.75,297.39,7728.65198647
2017-10-18 11:00:00,299.07,297.9,299.07,293.74,8507.35672603
2017-10-18 10:00:00,300.66,299.0,300.72,297.44,7033.45205823
2017-10-18 09:00:00,299.98,300.7,302.8,299.89,7214.30064395
2017-10-18 08:00:00,299.64,299.99,302.8,296.26,24489.1607343
2017-10-18 07:00:00,302.28,299.62,306.15,299.52,13473.1213776
2017-10-18 06:00:00,310.97,302.32,311.22,302.14,11544.3288277
2017-10-18 05:00:00,312.0,310.99,314.43,310.96,5601.48225687
2017-10-18 04:00:00,307.11,311.99,312.81,307.08,6665.40648657
2017-10-18 03:00:00,306.27,307.12,309.87,304.46,7381.40897281
2017-10-18 02:00:00,308.31,306.28,312.36,306.28,8508.85341898
2017-10-18 01:00:00,313.21,308.2,314.11,308.2,5846.30552818
2017-10-18 00:00:00,315.63,312.87,316.21,312.0,4371.83057067
2017-10-17 23:00:00,310.53,315.65,318.39,310.0,8993.85197223
2017-10-17 22:00:00,313.86,310.58,314.68,310.5,6056.14827153
2017-10-17 21:00:00,314.97,314.0,317.1,309.78,11256.1182398
2017-10-17 20:00:00,321.72,314.99,321.77,308.0,21002.5113699
2017-10-17 19:00:00,322.4,321.72,322.65,321.32,3081.61716058
2017-10-17 18:00:00,319.61,322.4,322.5,319.03,7701.85827536
2017-10-17 17:00:00,317.15,320.0,320.99,315.1,12710.1827596
2017-10-17 16:00:00,319.52,317.14,321.7,317.14,20644.2694291
2017-10-17 15:00:00,321.67,319.52,322.57,319.33,11309.8371175
2017-10-17 14:00:00,322.94,321.56,323.5,321.5,6352.73852972
2017-10-17 13:00:00,322.41,322.71,323.8,322.4,2830.71292484
2017-10-17 12:00:00,322.56,322.39,324.24,321.22,7739.39178892
2017-10-17 11:00:00,326.71,322.64,327.72,321.7,11740.8866082
2017-10-17 10:00:00,328.37,326.73,328.41,325.01,4445.44737249
2017-10-17 09:00:00,330.22,328.35,330.29,328.31,3951.73638711
2017-10-17 08:00:00,327.46,330.13,332.2,327.45,6020.67403074
2017-10-17 07:00:00,327.2,327.4,328.94,326.0,7995.75311861
2017-10-17 06:00:00,325.41,327.36,329.12,324.71,8810.86153321
2017-10-17 05:00:00,328.26,325.48,328.43,324.33,4019.26604191
2017-10-17 04:00:00,327.99,328.32,329.32,326.5,3111.82235304
2017-10-17 03:00:00,327.8,327.99,328.8,326.81,2771.04218656
2017-10-17 02:00:00,327.33,327.7,329.53,325.72,5366.2067865
2017-10-17 01:00:00,332.44,327.22,333.01,325.57,10824.0887684
2017-10-17 00:00:00,334.3,332.45,334.8,331.9,3558.86684041
2017-10-16 23:00:00,336.36,334.46,337.23,333.29,4235.28033495
2017-10-16 22:00:00,336.99,336.41,337.0,335.14,2091.90938557
2017-10-16 21:00:00,333.43,337.0,337.0,332.87,2605.46782447
2017-10-16 20:00:00,334.99,333.49,336.32,333.38,4909.63114068
2017-10-16 19:00:00,334.56,334.89,335.0,330.85,14311.5479635
2017-10-16 18:00:00,338.5,334.56,338.9,334.0,5171.37736171
2017-10-16 17:00:00,335.62,338.5,338.9,334.1,5723.20924086
2017-10-16 16:00:00,340.53,335.62,340.53,335.51,14427.5744269
2017-10-16 15:00:00,343.15,340.52,343.88,338.55,15158.9173903
2017-10-16 14:00:00,343.29,343.02,344.43,341.88,4933.54607522
2017-10-16 13:00:00,341.49,343.29,344.41,340.69,6791.90250893
2017-10-16 12:00:00,340.98,341.31,343.46,340.72,4373.59192822
2017-10-16 11:00:00,344.9,340.92,344.94,340.06,8305.5317158
2017-10-16 10:00:00,339.02,344.9,345.49,337.95,12038.9827387
2017-10-16 09:00:00,340.37,339.01,340.81,337.79,5358.75914372
2017-10-16 08:00:00,340.91,340.38,341.44,336.65,7529.87220743
2017-10-16 07:00:00,344.4,340.97,344.4,335.0,17589.0423337
2017-10-16 06:00:00,349.89,344.35,352.2,341.57,15983.4891237
2017-10-16 05:00:00,342.79,349.84,355.0,331.0,57843.3810431
2017-10-16 04:00:00,343.4,342.81,344.91,342.41,8318.88478513
2017-10-16 03:00:00,346.77,343.16,348.0,340.0,14931.3202955
2017-10-16 02:00:00,341.35,346.93,348.88,341.0,20848.3671319
2017-10-16 01:00:00,337.99,340.98,341.49,335.0,13380.710441
2017-10-16 00:00:00,337.05,337.99,338.0,335.11,4626.45607761
2017-10-15 23:00:00,338.0,337.23,338.42,334.2,7877.64948936
2017-10-15 22:00:00,333.7,338.0,338.06,332.7,8822.87881032
2017-10-15 21:00:00,329.42,333.7,333.71,328.99,3776.73327748
2017-10-15 20:00:00,328.6,329.05,329.95,327.0,5261.90762726
2017-10-15 19:00:00,328.45,328.62,329.0,327.76,4277.515252
2017-10-15 18:00:00,328.76,328.6,329.1,327.21,2911.29400383
2017-10-15 17:00:00,325.89,328.84,331.38,325.6,16088.7667651
2017-10-15 16:00:00,333.5,325.86,333.5,323.99,17592.1872931
2017-10-15 15:00:00,330.85,333.5,334.5,330.55,10780.5250531
2017-10-15 14:00:00,325.37,330.8,331.42,325.37,12055.7829567
2017-10-15 13:00:00,322.65,325.55,326.0,321.31,5886.29056979
2017-10-15 12:00:00,320.99,322.74,326.0,320.99,6545.36122416
2017-10-15 11:00:00,324.78,320.99,327.57,320.9,13284.8240263
2017-10-15 10:00:00,320.57,324.99,326.2,315.0,34704.0559135
2017-10-15 09:00:00,333.14,320.57,333.14,318.0,37278.0722365
2017-10-15 08:00:00,339.29,333.14,339.39,333.1,22239.0580408
2017-10-15 07:00:00,340.6,339.3,341.2,338.23,5277.51123143
2017-10-15 06:00:00,339.92,340.61,340.75,337.87,2430.88022861
2017-10-15 05:00:00,339.7,339.91,341.34,339.5,2280.94486938
2017-10-15 04:00:00,338.47,339.57,340.65,337.85,2312.54913677
2017-10-15 03:00:00,337.89,338.66,339.86,336.9,5130.00527666
2017-10-15 02:00:00,338.74,337.92,339.81,337.3,8869.61462527
2017-10-15 01:00:00,340.44,338.59,340.5,338.0,5465.72482058
2017-10-15 00:00:00,339.24,340.5,344.89,338.98,10246.6896415
2017-10-14 23:00:00,343.61,339.24,343.71,337.5,15750.816744
2017-10-14 22:00:00,345.69,343.62,345.85,343.0,5790.59458524
2017-10-14 21:00:00,343.42,345.68,345.87,342.7,4257.85860512
2017-10-14 20:00:00,345.01,343.62,345.1,342.0,3655.04006782
2017-10-14 19:00:00,342.72,345.0,345.68,342.24,4653.00436086
2017-10-14 18:00:00,343.7,342.7,344.1,341.11,4305.27350999
2017-10-14 17:00:00,345.28,343.68,345.44,342.88,4192.60510246
2017-10-14 16:00:00,342.33,345.24,347.98,342.33,12507.7509957
2017-10-14 15:00:00,341.54,342.37,342.5,340.63,4720.94218488
2017-10-14 14:00:00,341.43,341.53,343.08,340.76,6120.60662251
2017-10-14 13:00:00,339.3,341.43,342.0,339.06,2667.42817775
2017-10-14 12:00:00,340.46,339.31,342.57,337.71,6001.75050945
2017-10-14 11:00:00,344.18,340.5,344.84,338.0,14139.2318384
2017-10-14 10:00:00,347.32,343.9,347.51,343.79,5026.19615162
2017-10-14 09:00:00,347.06,347.38,348.0,345.27,8454.09758433
2017-10-14 08:00:00,345.76,347.13,347.17,344.48,4356.80554711
2017-10-14 07:00:00,341.13,345.76,346.73,341.13,10505.1875335
2017-10-14 06:00:00,341.62,341.12,342.52,340.17,5225.11080501
2017-10-14 05:00:00,341.8,341.57,342.02,339.0,6336.54044549
2017-10-14 04:00:00,340.43,341.79,343.02,340.4,5590.10851259
2017-10-14 03:00:00,336.69,340.42,340.62,336.0,3953.41459744
2017-10-14 02:00:00,336.56,336.69,337.6,335.75,4514.35849957
2017-10-14 01:00:00,335.34,336.56,337.6,334.7,3407.3634129
2017-10-14 00:00:00,337.44,335.34,338.19,334.05,5214.57402022
2017-10-13 23:00:00,339.48,337.46,339.48,336.06,2442.83591341
2017-10-13 22:00:00,340.24,339.28,340.49,335.48,2821.09537664
2017-10-13 21:00:00,337.38,340.49,341.19,332.0,11673.6627934
2017-10-13 20:00:00,341.01,337.09,343.16,336.5,7604.10975824
2017-10-13 19:00:00,343.44,341.0,346.88,339.0,15255.3486848
2017-10-13 18:00:00,341.18,343.56,343.86,340.0,8049.85099728
2017-10-13 17:00:00,343.92,341.01,344.75,338.86,8249.11986754
2017-10-13 16:00:00,339.07,343.93,344.0,338.51,9922.2234
2017-10-13 15:00:00,342.75,339.27,343.48,337.78,8392.03081512
2017-10-13 14:00:00,342.02,342.8,343.98,336.18,23754.9452089
2017-10-13 13:00:00,342.5,342.0,350.0,341.0,32214.0637225
2017-10-13 12:00:00,330.41,342.49,347.0,329.91,36428.7286466
2017-10-13 11:00:00,322.19,330.22,332.12,321.46,23131.5882207
2017-10-13 10:00:00,327.76,322.32,328.78,321.2,16503.4970598
2017-10-13 09:00:00,324.55,327.76,330.37,322.9,13328.222714
2017-10-13 08:00:00,326.99,324.61,331.65,321.0,21340.8371103
2017-10-13 07:00:00,329.73,326.99,333.49,321.66,26634.1052342
2017-10-13 06:00:00,315.06,330.0,337.85,314.25,54297.3615393
2017-10-13 05:00:00,304.92,315.05,317.0,304.92,39053.1533141
2017-10-13 04:00:00,302.97,304.91,305.0,301.65,8233.91078417
2017-10-13 03:00:00,299.78,302.79,303.99,299.51,6529.03313984
2017-10-13 02:00:00,302.15,299.84,302.97,298.0,18673.3418512
2017-10-13 01:00:00,301.0,302.12,303.4,301.0,5424.29617358
2017-10-13 00:00:00,303.2,301.0,303.87,300.59,7133.99122274
2017-10-12 23:00:00,304.16,303.06,304.9,302.53,5015.30422182
2017-10-12 22:00:00,305.96,304.21,306.16,303.9,3581.17582414
2017-10-12 21:00:00,303.66,305.98,307.26,302.5,6655.70140451
2017-10-12 20:00:00,305.41,303.72,306.21,303.33,3761.06829165
2017-10-12 19:00:00,303.16,305.41,306.38,302.4,7228.35998704
2017-10-12 18:00:00,305.12,303.03,306.35,302.31,6012.29311044
2017-10-12 17:00:00,304.58,305.12,305.51,302.1,11212.8564573
2017-10-12 16:00:00,308.09,304.55,308.09,304.0,18658.6326458
2017-10-12 15:00:00,307.38,308.3,308.91,306.6,6048.27388173
2017-10-12 14:00:00,307.14,307.4,307.69,306.75,3318.97554358
2017-10-12 13:00:00,307.17,307.14,307.65,305.76,4276.41944801
2017-10-12 12:00:00,307.13,307.18,308.55,306.48,6084.58990153
2017-10-12 11:00:00,307.62,307.09,308.46,305.0,10758.4892244
2017-10-12 10:00:00,307.55,307.69,308.7,305.6,8267.08829375
2017-10-12 09:00:00,306.22,307.21,309.2,306.05,7618.59725507
2017-10-12 08:00:00,306.78,306.21,308.08,303.59,13932.5433448
2017-10-12 07:00:00,306.46,306.78,307.7,304.97,8895.71344012
2017-10-12 06:00:00,308.13,306.45,308.96,306.0,8614.22851726
2017-10-12 05:00:00,308.57,308.12,310.01,308.05,9405.94720812
2017-10-12 04:00:00,307.59,308.57,309.61,307.31,8576.86160846
2017-10-12 03:00:00,306.66,307.63,308.51,306.0,5455.67010398
2017-10-12 02:00:00,305.56,306.67,308.63,305.41,11073.7743238
2017-10-12 01:00:00,303.6,305.43,306.0,303.51,7732.10932919
2017-10-12 00:00:00,303.32,303.4,304.5,302.82,3991.65429734
2017-10-11 23:00:00,302.57,303.2,304.11,302.4,3657.80925896
2017-10-11 22:00:00,301.61,302.43,303.17,301.6,3375.27462349
2017-10-11 21:00:00,302.23,301.6,302.79,300.88,1861.92943483
2017-10-11 20:00:00,302.51,302.13,303.21,302.1,2600.79936159
2017-10-11 19:00:00,303.2,302.51,306.55,302.5,7547.37306348
2017-10-11 18:00:00,300.63,303.15,305.88,300.0,11727.5622154
2017-10-11 17:00:00,300.33,300.56,301.0,299.85,1756.67028675
2017-10-11 16:00:00,300.02,300.33,300.95,299.49,2011.2761595
2017-10-11 15:00:00,299.42,300.02,301.0,299.0,4357.96130657
2017-10-11 14:00:00,300.14,299.5,301.45,298.63,10802.3508498
2017-10-11 13:00:00,300.39,300.29,302.17,299.49,7621.0114122
2017-10-11 12:00:00,300.39,300.9,302.21,300.13,6055.57087982
2017-10-11 11:00:00,299.78,300.45,301.0,299.02,4799.93108347
2017-10-11 10:00:00,297.57,299.77,299.77,297.57,3547.57736217
2017-10-11 09:00:00,301.06,297.24,301.06,296.6,12476.6284658
2017-10-11 08:00:00,301.7,301.05,302.23,299.99,3521.51837851
2017-10-11 07:00:00,301.47,301.7,302.79,300.5,2969.54791494
2017-10-11 06:00:00,301.77,301.44,303.0,301.35,3950.69466076
2017-10-11 05:00:00,301.32,301.76,302.0,300.15,2991.85517599
2017-10-11 04:00:00,300.71,301.46,301.67,299.41,3205.20538115
2017-10-11 03:00:00,301.47,300.75,302.9,300.36,3214.69615356
2017-10-11 02:00:00,300.72,301.43,302.68,300.37,3879.912614
2017-10-11 01:00:00,299.9,300.57,301.66,298.97,2908.92685789
2017-10-11 00:00:00,299.32,299.77,303.0,299.17,5569.80095744
2017-10-10 23:00:00,298.88,299.32,300.66,297.0,6918.70291751
2017-10-10 22:00:00,300.5,298.92,300.83,298.0,8054.14017536
2017-10-10 21:00:00,300.61,300.5,302.09,300.5,3167.51769019
2017-10-10 20:00:00,299.63,300.56,301.16,299.31,3581.06770663
2017-10-10 19:00:00,302.59,299.63,303.49,299.62,7773.0875677
2017-10-10 18:00:00,302.3,302.34,303.23,301.03,5671.26626602
2017-10-10 17:00:00,306.99,302.29,307.0,301.1,5522.21747769
2017-10-10 16:00:00,304.5,307.0,307.0,304.01,6575.02204296
2017-10-10 15:00:00,304.61,304.43,305.0,303.54,3405.07794154
2017-10-10 14:00:00,304.27,304.61,304.7,302.61,5094.32290309
2017-10-10 13:00:00,303.35,304.39,304.7,301.85,6978.17738291
2017-10-10 12:00:00,298.87,303.58,303.61,298.68,4311.12264711
2017-10-10 11:00:00,299.81,298.99,300.57,298.56,1673.44992371
2017-10-10 10:00:00,298.6,299.86,302.0,297.99,5335.24432228
2017-10-10 09:00:00,297.01,298.6,299.0,296.91,2147.10092639
2017-10-10 08:00:00,296.5,297.15,299.0,295.4,2586.68432914
2017-10-10 07:00:00,298.37,296.5,299.1,295.85,3806.57367389
2017-10-10 06:00:00,300.39,298.36,300.84,298.02,2404.36099086
2017-10-10 05:00:00,297.09,300.39,300.39,296.3,3005.07302093
2017-10-10 04:00:00,298.36,297.09,298.58,296.1,1401.83826164
2017-10-10 03:00:00,297.08,298.36,299.0,295.11,3595.37489741
2017-10-10 02:00:00,296.31,296.96,297.99,294.6,3537.87385359
2017-10-10 01:00:00,296.16,296.29,296.95,292.57,4931.14455677
2017-10-10 00:00:00,297.43,296.28,298.45,294.86,3400.64335303
2017-10-09 23:00:00,297.59,297.4,298.19,295.44,3164.52098651
2017-10-09 22:00:00,298.66,296.95,299.42,293.82,5078.18626771
2017-10-09 21:00:00,294.45,298.66,299.32,293.0,5619.08147722
2017-10-09 20:00:00,292.5,294.47,299.71,292.0,19657.3466874
2017-10-09 19:00:00,291.52,291.81,292.55,287.03,18710.8818188
2017-10-09 18:00:00,293.02,292.01,295.27,291.1,10450.2618985
2017-10-09 17:00:00,299.02,293.0,299.22,293.0,12890.0522011
2017-10-09 16:00:00,298.82,299.17,300.21,297.59,4767.60154736
2017-10-09 15:00:00,300.08,298.82,300.43,296.74,15406.9020298
2017-10-09 14:00:00,303.5,300.1,304.89,298.31,20525.5158386
2017-10-09 13:00:00,304.46,303.62,305.51,302.6,5436.36251133
2017-10-09 12:00:00,305.46,304.45,305.85,303.94,3436.2811098
2017-10-09 11:00:00,305.84,305.41,307.0,305.03,3234.15782516
2017-10-09 10:00:00,304.92,305.94,307.0,304.35,2851.26347896
2017-10-09 09:00:00,304.5,305.05,305.35,303.88,3130.15379998
2017-10-09 08:00:00,305.08,304.51,305.26,304.5,1842.07960237
2017-10-09 07:00:00,305.01,305.0,305.54,304.0,2186.71085043
2017-10-09 06:00:00,310.64,305.01,311.16,304.78,7609.65622266
2017-10-09 05:00:00,305.32,310.64,310.64,305.08,10051.4303458
2017-10-09 04:00:00,305.12,305.32,306.12,301.17,8837.49982625
2017-10-09 03:00:00,307.0,305.12,307.14,305.12,3421.31331852
2017-10-09 02:00:00,307.31,307.0,307.83,306.1,3364.23436501
2017-10-09 01:00:00,306.92,307.31,307.47,306.12,3021.1226872
2017-10-09 00:00:00,309.83,306.99,309.93,305.62,6210.74420707
2017-10-08 23:00:00,309.9,309.82,310.47,309.23,2729.95649241
2017-10-08 22:00:00,310.38,309.9,310.38,307.55,5229.69608152
