MTS,OPEN,CLOSE,HIGH,LOW,VOLUME
2017-11-18,331.09,333.98,334.5,325.32,91968.0805324
2017-11-17,330.91,331.0,335.22,325.0,193408.25498
2017-11-16,330.89,331.16,335.11,321.18,196093.124915
2017-11-15,334.29,330.59,339.61,321.5,207407.867537
2017-11-14,313.31,334.28,336.97,313.22,421604.775197
2017-11-13,303.42,313.22,318.0,302.27,303201.690236
2017-11-12,313.25,303.9,316.99,293.33,491136.174941
2017-11-11,296.12,313.07,320.0,294.7,279575.152005
2017-11-10,319.52,296.18,324.03,286.0,356087.581887
2017-11-09,307.52,319.52,328.8,305.0,252662.29812
2017-11-08,291.39,307.5,318.9,290.11,337874.097909
2017-11-07,296.67,291.42,304.2,285.01,216907.092464
2017-11-06,295.38,296.9,310.0,292.0,159948.386715
2017-11-05,299.45,295.63,301.0,292.28,98781.8830263
2017-11-04,303.47,299.48,304.38,293.0,133048.307315
2017-11-03,284.88,303.47,307.36,284.0,218812.577968
2017-11-02,288.84,284.89,293.01,275.21,260889.511558
2017-11-01,303.69,288.6,305.11,287.04,154793.770704
2017-10-31,306.99,303.69,312.0,303.1,81834.3545042
2017-10-30,304.38,307.0,314.4,303.93,86761.3343898
2017-10-29,293.59,304.39,312.49,290.5,167155.693938
2017-10-28,296.0,293.49,297.01,288.6,70589.7738224
2017-10-27,295.02,295.99,299.5,291.6,68542.3009807
2017-10-26,295.45,295.1,299.0,290.55,59672.3469716
2017-10-25,296.3,295.46,300.0,288.5,94351.2187521
2017-10-24,285.0,296.3,311.85,280.02,217203.086134
2017-10-23,293.52,284.85,293.96,273.5,171019.29294
2017-10-22,299.29,293.55,305.62,289.4,95667.3613869
2017-10-21,302.57,299.23,303.0,289.31,105565.272343
2017-10-20,306.96,302.61,313.01,301.04,119341.59052
2017-10-19,313.42,306.97,316.5,304.0,118276.177553
2017-10-18,315.63,313.45,316.21,287.46,253404.507144
2017-10-17,334.3,315.65,334.8,308.0,192295.889866
2017-10-16,337.05,334.46,355.0,330.85,271488.752619
2017-10-15,339.24,337.23,344.89,315.0,251396.822369
2017-10-14,337.44,339.24,348.0,334.05,151346.660414
2017-10-13,303.2,337.46,350.0,298.0,407091.353549
2017-10-12,303.32,303.06,310.01,302.1,186176.327664
2017-10-11,299.32,303.2,306.55,296.6,116411.883858
2017-10-10,297.43,299.32,307.0,292.57,104877.084828
2017-10-09,309.83,297.4,311.16,287.03,180903.360903
2017-10-08,311.46,309.82,314.39,307.55,104144.347955
2017-10-07,308.41,311.46,315.0,304.5,117241.012888
2017-10-06,295.09,308.43,309.59,293.04,107659.831616
2017-10-05,291.4,295.12,297.92,285.12,91605.4114023
2017-10-04,291.69,291.4,296.0,287.56,113069.898274
2017-10-03,296.82,291.69,300.5,285.93,129996.901496
2017-10-02,304.24,296.82,304.63,292.1,134442.655352
2017-10-01,303.44,304.26,305.57,295.0,110281.720386
2017-09-30,292.74,303.44,307.76,292.3,131483.057213
2017-09-29,302.51,292.66,303.9,280.5,276915.293986
2017-09-28,309.83,302.63,310.69,297.75,140688.254642
2017-09-27,289.17,309.75,315.51,286.93,215016.031996
2017-09-26,295.06,289.28,296.38,285.2,104873.095342
2017-09-25,281.93,295.2,297.93,281.8,186936.146489
2017-09-24,285.9,282.0,294.54,275.41,197222.065174
2017-09-23,262.19,285.9,287.2,259.01,163399.145029
2017-09-22,256.71,262.19,269.5,253.03,184090.520556
2017-09-21,283.58,256.67,287.53,251.52,293714.089075
2017-09-20,282.64,283.5,294.0,277.0,146627.699597
2017-09-19,296.82,282.63,299.0,275.0,269394.823518
2017-09-18,257.0,296.81,299.89,257.0,379820.201537
2017-09-17,252.99,257.0,263.69,239.0,197346.413748
2017-09-16,258.25,253.0,270.0,242.2,309322.233482
2017-09-15,222.54,258.68,269.0,198.0,956989.099075
2017-09-14,275.48,222.5,281.01,221.71,644505.789112
2017-09-13,293.75,275.48,294.16,256.0,450422.402002
2017-09-12,297.2,293.9,316.73,283.0,262332.430193
2017-09-11,297.84,297.19,308.0,287.33,174200.924331
2017-09-10,303.2,297.9,305.0,276.11,255336.428986
2017-09-09,303.99,303.08,307.08,291.46,170048.554258
2017-09-08,334.45,304.0,334.58,291.0,310326.378767
2017-09-07,337.08,334.1,338.66,321.1,166933.269205
2017-09-06,316.03,337.36,339.5,314.81,230776.763541
2017-09-05,295.82,316.18,323.17,267.64,383246.578133
2017-09-04,350.98,295.81,351.59,275.0,571513.254379
2017-09-03,345.0,350.63,368.4,328.33,212826.16324
2017-09-02,390.13,345.0,390.77,325.1,309324.785327
2017-09-01,387.3,390.35,395.03,383.6,132096.263256
2017-08-31,382.31,387.3,390.0,380.1,98920.1610187
2017-08-30,372.34,382.78,390.1,365.1,189613.258323
2017-08-29,347.19,372.0,375.98,346.42,180993.284588
2017-08-28,348.01,347.09,352.0,332.74,111485.952179
2017-08-27,332.62,348.01,348.01,331.88,103588.37382
2017-08-26,328.71,332.72,334.6,324.5,90337.0066789
2017-08-25,325.55,328.7,338.25,324.04,108335.115219
2017-08-24,316.48,325.62,329.56,314.14,93545.0193359
2017-08-23,312.81,316.5,325.0,311.65,115283.187439
2017-08-22,322.24,312.54,329.96,285.01,245697.520836
2017-08-21,298.37,322.24,346.99,294.53,330679.589801
2017-08-20,292.78,298.37,299.0,286.96,87247.481776
2017-08-19,292.0,292.78,298.51,280.0,158676.15951
2017-08-18,299.22,292.0,307.0,286.0,165681.44143
2017-08-17,301.32,299.0,312.0,297.01,137140.158042
2017-08-16,286.0,301.34,304.0,279.94,150728.25998
2017-08-15,298.6,286.0,299.91,272.29,180224.668707
2017-08-14,296.76,298.22,306.48,293.99,106333.020917
2017-08-13,307.19,296.64,308.0,285.21,166901.831208
2017-08-12,308.82,307.22,319.78,299.0,160789.675094
2017-08-11,295.91,308.81,310.42,294.0,130471.525977
2017-08-10,293.99,295.97,310.05,287.6,155841.154871
2017-08-09,295.8,293.99,316.0,277.0,401629.001233
2017-08-08,269.5,295.83,299.5,265.0,208610.852773
2017-08-07,264.31,269.51,274.6,257.32,146408.318067
2017-08-06,253.88,264.29,271.5,251.0,211376.148764
2017-08-05,220.73,253.87,259.9,219.23,235502.228511
2017-08-04,224.77,220.73,228.3,218.66,83825.5848846
2017-08-03,218.01,224.79,228.2,217.07,96545.9910486
2017-08-02,225.98,218.0,229.7,215.0,159650.082294
2017-08-01,200.82,225.97,232.59,200.8,353472.622866
2017-07-31,195.3,200.81,201.5,188.12,127154.449677
2017-07-30,206.77,195.31,210.76,192.21,149835.482293
2017-07-29,191.41,206.76,213.0,176.95,248035.173996
2017-07-28,202.55,191.2,204.19,188.1,141328.608081
2017-07-27,203.33,202.54,207.0,197.86,117595.633539
2017-07-26,202.88,203.33,209.59,191.76,196234.945757
2017-07-25,226.63,202.7,227.69,190.49,310194.069253
2017-07-24,228.22,226.59,232.56,223.64,101741.368167
2017-07-23,232.41,228.15,236.57,219.0,117587.409135
2017-07-22,216.09,232.01,237.19,214.35,159249.837681
2017-07-21,227.3,216.11,239.0,208.0,244667.662662
2017-07-20,194.63,227.29,238.0,194.63,605172.817623
2017-07-19,226.61,194.63,245.61,187.0,666400.628671
2017-07-18,190.16,226.56,258.0,177.5,721220.100986
2017-07-17,157.4,190.16,190.61,155.0,415423.877558
2017-07-16,170.21,157.4,172.7,136.12,604100.545588
2017-07-15,196.68,170.15,197.8,169.82,198814.196328
2017-07-14,204.99,196.49,207.76,179.58,278375.058842
2017-07-13,223.94,205.0,224.99,189.46,241090.000235
2017-07-12,188.22,223.92,225.0,177.78,312520.295197
2017-07-11,201.98,188.63,215.0,169.0,446914.127324
2017-07-10,235.44,202.0,238.01,187.5,288012.415522
2017-07-09,245.06,234.97,249.0,234.15,57685.2435041
2017-07-08,238.39,245.23,246.66,226.68,104549.106996
2017-07-07,265.35,238.38,265.8,233.84,142556.409
2017-07-06,264.71,265.35,273.0,258.37,68802.1426616
2017-07-05,266.46,264.77,272.12,249.53,125024.928312
2017-07-04,273.97,266.68,283.0,260.0,121621.117467
2017-07-03,277.24,273.99,283.98,266.45,96367.8814395
2017-07-02,255.0,277.61,285.91,242.81,140026.632576
2017-07-01,276.17,255.0,277.63,238.0,205479.077843
2017-06-30,286.17,275.62,301.9,267.35,110679.742693
2017-06-29,312.4,285.3,318.27,276.0,177947.391784
2017-06-28,279.0,311.62,318.27,255.0,260468.790314
2017-06-27,251.0,279.0,279.0,204.11,312878.231243
2017-06-26,276.64,251.3,286.85,214.99,389321.033863
2017-06-25,296.83,277.0,306.39,253.2,145469.048955
2017-06-24,324.52,296.89,327.55,291.53,56168.3131623
2017-06-23,320.49,324.37,329.9,316.36,30250.115656
2017-06-22,320.03,320.94,328.99,305.0,102281.018237
2017-06-21,344.15,321.66,348.5,287.11,184041.254561
2017-06-20,355.5,344.15,366.52,328.0,98296.6616877
2017-06-19,348.83,355.5,362.5,344.13,49864.6977814
2017-06-18,364.57,348.88,377.46,336.89,81001.7251606
2017-06-17,349.0,364.56,366.08,332.0,62825.9753263
2017-06-16,338.99,348.44,355.51,305.22,99691.4564935
2017-06-15,336.91,338.7,344.0,265.0,328747.818878
2017-06-14,382.7,335.95,385.73,315.0,170271.291975
2017-06-13,386.9,382.7,395.0,345.61,126883.865458
2017-06-12,336.24,386.9,412.21,297.0,336200.189325
2017-06-11,325.88,336.33,347.0,310.0,144038.487216
2017-06-10,278.82,325.88,341.94,278.26,161701.406321
2017-06-09,257.02,278.41,279.9,257.02,77593.3325544
2017-06-08,250.99,256.95,258.93,242.04,42085.6959944
2017-06-07,261.89,250.7,263.7,241.01,72507.0311683
2017-06-06,242.1,261.89,264.99,238.23,117903.108783
2017-06-05,241.06,242.16,244.29,231.72,57896.6879927
2017-06-04,217.01,241.06,245.98,216.1,107681.050099
2017-06-03,214.6,217.01,217.99,210.01,27501.5642416
2017-06-02,211.4,214.77,219.21,208.23,43618.1802554
2017-06-01,218.41,211.4,227.32,196.0,129862.418481
2017-05-31,224.78,218.34,230.55,200.9,167110.369875
2017-05-30,188.1,224.69,229.98,182.0,216873.200418
2017-05-29,161.48,189.84,191.3,155.01,135112.821643
2017-05-28,150.35,161.91,172.79,149.66,184110.483708
2017-05-27,153.5,149.99,161.0,110.42,362276.008665
2017-05-26,168.73,152.8,187.0,143.64,186150.536179
2017-05-25,183.88,168.71,206.06,155.0,246730.476672
2017-05-24,168.25,183.88,197.41,166.33,184596.677902
2017-05-23,155.16,168.24,174.3,148.6,144988.858583
2017-05-22,146.14,154.92,190.0,136.8,473707.454399
2017-05-21,123.49,146.14,146.4,122.32,220188.214882
2017-05-20,124.49,123.03,128.95,119.54,122882.371427
2017-05-19,98.55,124.4,129.25,98.312,257956.462939
2017-05-18,89.423,98.6,98.888,89.423,125047.475482
2017-05-17,88.17,89.671,90.926,83.77,49983.3905002
2017-05-16,92.309,88.17,93.482,85.429,53210.1821304
2017-05-15,90.37,92.553,95.17,90.369,115358.52405
2017-05-14,89.9,90.37,91.919,88.111,49487.7493733
2017-05-13,86.924,89.9,89.99,84.5,30295.9355792
2017-05-12,89.072,86.985,92.0,83.853,80927.949819
2017-05-11,88.33,89.375,91.5,87.35,60136.6744957
2017-05-10,88.9,88.33,92.455,86.6,55866.5649006
2017-05-09,88.933,88.94,91.099,77.76,201173.116618
2017-05-08,94.884,88.974,95.48,88.112,99857.0450142
2017-05-07,96.792,94.213,98.0,90.888,62649.4333035
2017-05-06,91.5,96.648,96.838,90.534,69679.4299352
2017-05-05,99.358,91.5,101.7,88.201,205650.10832
2017-05-04,86.099,99.2,99.777,84.61,234920.593122
2017-05-03,82.476,85.8,86.615,81.0,102682.179157
2017-05-02,81.489,82.011,85.18,79.485,103869.183896
2017-05-01,83.518,81.399,88.103,66.001,361723.977658
2017-04-30,73.411,83.512,83.999,72.601,141827.01089
2017-04-29,75.99,73.55,77.599,71.2,135672.000773
2017-04-28,68.0,75.997,77.399,66.0,274403.100673
2017-04-27,57.445,67.999,67.999,56.919,150564.098498
2017-04-26,53.9,57.31,58.38,53.664,151625.509762
2017-04-25,53.781,53.9,54.21,53.253,27839.5638334
2017-04-24,53.331,53.54,54.477,53.0,58160.6404662
2017-04-23,52.372,53.332,54.438,51.75,53388.5587593
2017-04-22,51.171,52.151,52.776,51.03,35811.5683948
2017-04-21,51.979,51.369,52.265,51.1,44755.5796531
2017-04-20,49.661,51.96,52.45,48.603,99344.7661218
2017-04-19,52.44,49.661,53.0,45.0,132104.792197
2017-04-18,49.578,52.424,53.0,49.069,183893.020316
2017-04-17,49.581,49.52,50.27,48.88,48799.3720411
2017-04-16,49.602,49.58,49.9,48.865,18295.8133659
2017-04-15,48.5,49.707,50.477,47.95,94941.6024556
2017-04-14,50.53,48.5,50.65,47.341,112755.197962
2017-04-13,46.96,50.649,51.505,46.85,148980.966476
2017-04-12,44.2,46.852,48.467,43.84,153779.63546
2017-04-11,44.17,44.206,44.8,43.804,32400.0321311
2017-04-10,44.029,44.169,44.761,43.011,62445.8569268
2017-04-09,44.714,43.937,44.864,43.18,50830.0512343
2017-04-08,42.362,44.507,45.76,42.362,104018.885652
2017-04-07,43.297,42.25,44.527,41.779,79329.2812119
2017-04-06,45.35,43.11,46.025,41.25,186090.453165
2017-04-05,44.513,45.35,47.529,44.194,161470.19938
2017-04-04,44.27,44.414,45.688,41.05,219331.817779
2017-04-03,48.6,44.281,48.6,42.77,334706.873626
2017-04-02,50.6,48.6,51.594,47.7,224544.529213
2017-04-01,49.777,50.592,51.87,48.7,110509.676261
2017-03-31,51.676,49.724,51.826,46.82,224652.986063
2017-03-30,52.879,51.624,53.283,50.751,106880.861547
2017-03-29,50.164,52.877,54.3,49.397,195871.034677
2017-03-28,48.913,50.156,50.599,47.95,129792.933279
2017-03-27,50.5,48.927,52.01,47.666,111437.539576
2017-03-26,51.27,50.415,51.8,46.55,132033.582357
2017-03-25,54.02,50.751,54.9,47.455,327872.923936
2017-03-24,43.136,54.01,58.989,42.501,470356.757648
2017-03-23,41.459,43.136,44.749,40.216,150163.901523
2017-03-22,42.452,41.459,42.948,38.51,139580.428068
2017-03-21,41.874,42.45,43.7,41.15,132275.832341
2017-03-20,43.169,42.064,45.125,39.472,252605.740338
2017-03-19,34.2,43.168,45.69,34.099,483615.528803
2017-03-18,44.65,34.2,44.994,31.1,606299.763294
2017-03-17,45.071,44.65,51.879,32.836,971984.20464
2017-03-16,34.796,45.071,46.21,34.795,877542.87819
2017-03-15,28.66,34.796,34.796,28.36,450796.048188
2017-03-14,28.392,28.66,29.932,27.001,240580.780446
2017-03-13,23.24,28.397,30.6,23.222,753317.616032
2017-03-12,21.3,23.198,23.232,21.054,260265.83583
2017-03-11,19.175,21.3,21.467,18.83,232837.753693
2017-03-10,17.672,19.175,19.7,16.5,367687.50255
2017-03-09,16.544,17.752,18.0,16.25,97289.3419721
2017-03-08,18.8,16.511,18.861,16.511,225181.35476
2017-03-07,19.568,18.879,19.666,18.5,88305.50928
2017-03-06,19.292,19.51,20.23,19.14,113375.611891
2017-03-05,18.501,19.339,19.453,18.148,76734.3899143
2017-03-04,19.55,18.5,20.001,18.4,112795.18425
2017-03-03,19.028,19.493,20.733,18.426,348719.168509
2017-03-02,17.477,19.021,19.45,16.299,308086.56077
2017-03-01,15.83,17.435,17.489,15.62,118175.556239
2017-02-28,15.5,15.862,16.225,15.177,219881.191897
2017-02-27,14.567,15.5,15.75,14.301,148333.372363
2017-02-26,13.51,14.568,14.66,13.3,94047.919771
2017-02-25,13.067,13.554,13.8,13.05,88521.8124738
2017-02-24,13.2,13.113,13.311,12.7,54672.2508234
2017-02-23,12.682,13.269,13.367,12.601,66006.562068
2017-02-22,12.818,12.679,12.846,12.601,15151.2772427
2017-02-21,12.42,12.817,12.89,12.25,57912.4837317
2017-02-20,12.81,12.402,12.91,12.402,30258.6201114
2017-02-19,12.828,12.801,12.935,12.7,18220.9489629
2017-02-18,12.766,12.793,12.9,12.7,24159.2677093
2017-02-17,12.889,12.761,12.889,12.6,31748.4499556
2017-02-16,12.94,12.921,12.993,12.57,39823.3416051
2017-02-15,13.072,12.92,13.15,12.59,109708.512562
2017-02-14,11.317,13.073,13.4,11.317,218188.426514
2017-02-13,11.333,11.32,11.374,11.05,23367.2644198
2017-02-12,11.309,11.264,11.397,11.221,9442.86292755
2017-02-11,11.28,11.368,11.38,11.125,25917.1566545
2017-02-10,10.95,11.29,11.39,10.75,50654.3223302
2017-02-09,11.283,10.923,11.511,10.409,84661.3858458
2017-02-08,11.439,11.3,11.6,11.0,31581.147434
2017-02-07,11.27,11.438,11.5,11.253,39015.5248787
2017-02-06,11.21,11.28,11.326,11.123,20975.1901829
2017-02-05,11.331,11.133,11.367,11.054,14328.3407994
2017-02-04,11.017,11.32,11.4,10.941,51079.7573123
2017-02-03,10.74,11.043,11.043,10.55,40733.7159671
2017-02-02,10.654,10.74,10.84,10.527,48585.6768407
2017-02-01,10.711,10.673,10.767,10.41,39184.3268648
2017-01-31,10.5,10.612,10.736,10.377,88696.7800328
2017-01-30,10.435,10.5,10.686,10.376,43041.5366288
2017-01-29,10.535,10.456,10.545,10.376,11422.9844558
2017-01-28,10.453,10.528,10.539,10.35,40302.8507397
2017-01-27,10.58,10.489,10.58,10.356,18669.0994444
2017-01-26,10.484,10.58,10.63,10.427,26107.1087458
2017-01-25,10.57,10.494,10.579,10.351,9038.5189908
2017-01-24,10.702,10.579,10.752,10.463,43758.4797789
2017-01-23,10.683,10.827,10.827,10.589,14572.1299336
2017-01-22,10.948,10.664,10.977,10.339,51271.1282563
2017-01-21,10.64,10.95,11.092,10.561,46137.4963328
2017-01-20,10.426,10.64,10.752,10.297,26153.3532729
2017-01-19,10.222,10.42,10.514,10.152,15568.8802912
2017-01-18,10.291,10.222,10.49,9.7357,41017.6246744
2017-01-17,9.5739,10.292,10.595,9.533,109540.273531
2017-01-16,9.7419,9.53,9.779,9.53,5687.29970831
2017-01-15,9.614,9.728,9.834,9.614,4844.02365505
2017-01-14,9.675,9.679,9.8741,9.507,7070.19738962
2017-01-13,9.7183,9.699,9.8,9.376,12739.2868569
2017-01-12,9.6799,9.657,10.039,9.082,40690.2584031
2017-01-11,10.608,9.7,10.696,9.41,67612.3387691
2017-01-10,10.417,10.522,10.75,10.2,47267.8897689
2017-01-09,10.359,10.343,10.839,9.5004,67864.3186691
2017-01-08,9.796,10.29,10.475,9.796,38070.7428354
2017-01-07,10.1,9.8129,10.19,9.48,37813.8341414
2017-01-06,10.215,10.1,10.401,9.4726,49425.6747675
2017-01-05,11.062,10.294,11.7,9.2,223404.289749
2017-01-04,9.662,11.075,11.15,9.44,174919.124098
2017-01-03,8.37,9.661,9.9,8.3,189971.519469
2017-01-02,8.22,8.4292,8.5,8.114,31925.4053761
2017-01-01,8.0441,8.196,8.5868,8.03,49123.000878
2016-12-31,8.162,8.002,8.3515,8.0,63029.1318791
2016-12-30,8.2761,8.162,8.4986,8.0501,16826.3929819
2016-12-29,7.5759,8.2711,8.6,7.5611,96182.2776432
2016-12-28,7.2,7.6159,7.7566,7.1,53585.8809921
2016-12-27,7.301,7.2,7.33,7.0829,11688.949467
2016-12-26,7.1826,7.259,7.35,7.05,23193.5178998
2016-12-25,7.2344,7.1826,7.3239,7.167,4703.16221206
2016-12-24,7.147,7.2342,7.351,7.11,17406.5284693
2016-12-23,7.55,7.147,7.6789,7.1091,45258.5056794
2016-12-22,7.86,7.5613,7.8609,7.463,35308.3405306
2016-12-21,7.699,7.8619,7.962,7.6391,15247.1520027
2016-12-20,7.589,7.6858,7.75,7.5508,16401.0006004
2016-12-19,7.9039,7.618,7.904,7.58,8923.77078682
2016-12-18,7.87,7.909,7.9379,7.74,6429.87831286
2016-12-17,7.8914,7.8367,7.944,7.4733,45331.5819557
2016-12-16,7.8703,7.8943,7.9574,7.7695,16674.5752202
2016-12-15,8.2,7.8693,8.2269,7.7064,42016.79533
2016-12-14,8.401,8.23,8.489,8.2,4445.17449507
2016-12-13,8.49,8.4,8.49,8.3,6201.2844811
2016-12-12,8.1949,8.49,8.626,8.0894,23598.8513184
2016-12-11,8.136,8.17,8.248,8.0,7459.54733753
2016-12-10,8.4,8.14,8.5525,7.94,10729.6786029
2016-12-09,8.1652,8.436,8.65,8.02,18143.6112004
2016-12-08,8.3231,8.1651,8.8446,8.1651,49134.7685206
2016-12-07,7.812,8.3461,8.7,7.269,46991.8671659
2016-12-06,6.7763,7.759,7.8785,5.861,175151.725921
2016-12-05,7.4,6.7864,7.567,6.501,74496.8725159
2016-12-04,7.82,7.4048,7.906,7.3421,9964.92538589
2016-12-03,7.748,7.875,8.1,7.5897,62571.1566299
2016-12-02,8.43,7.728,8.43,7.1,141744.881067
2016-12-01,8.5417,8.43,8.609,8.358,27504.7399607
2016-11-30,8.1101,8.5639,8.758,8.1052,36948.7036822
2016-11-29,8.697,8.1596,8.7439,7.737,53931.9678465
2016-11-28,8.9001,8.658,9.0172,8.649,12008.147563
2016-11-27,9.266,8.9247,9.302,8.702,17811.885522
2016-11-26,9.3903,9.3325,9.53,9.22,3776.33942775
2016-11-25,9.17,9.4269,9.69,9.164,18461.7418515
2016-11-24,9.787,9.1954,9.788,8.7,34917.7575233
2016-11-23,9.848,9.806,9.919,9.683,8009.57290318
2016-11-22,9.55,9.876,10.255,9.542,29462.386438
2016-11-21,9.538,9.615,9.679,9.508,2472.23783045
2016-11-20,9.682,9.5709,9.7641,9.494,8289.08270692
2016-11-19,9.532,9.696,9.8609,9.476,22128.1665255
2016-11-18,9.9839,9.526,10.031,9.455,16566.6913883
2016-11-17,10.047,9.9689,10.27,9.901,29455.0506984
2016-11-16,10.224,10.045,10.5,9.9271,33959.2742341
2016-11-15,9.96,10.265,10.41,9.7161,14990.4458349
2016-11-14,10.116,9.9651,10.193,9.956,5014.8654071
2016-11-13,9.886,10.127,10.37,9.808,7959.37181464
2016-11-12,10.28,9.851,10.319,9.68,19495.3937581
2016-11-11,10.515,10.27,10.58,10.261,4746.00240134
2016-11-10,10.679,10.49,10.693,10.48,2393.40384082
2016-11-09,10.87,10.648,10.87,10.2,22818.5580448
2016-11-08,10.88,10.898,11.211,10.788,18242.5834549
2016-11-07,10.908,10.9,11.099,10.85,23844.5322972
2016-11-06,11.15,10.91,11.272,10.909,3189.83728506
2016-11-05,11.183,11.169,11.24,10.992,5382.79833625
2016-11-04,10.891,11.184,11.24,10.85,14314.482542
2016-11-03,10.845,10.86,11.182,10.809,30549.5596256
2016-11-02,10.831,10.855,11.247,10.763,26089.0533192
2016-11-01,10.972,10.831,11.21,10.405,37796.4495497
2016-10-31,11.246,10.995,11.5,10.877,37791.2649949
2016-10-30,10.461,11.26,11.529,10.314,26028.9746475
2016-10-29,11.15,10.375,11.26,9.5,81583.4663841
2016-10-28,11.543,11.15,11.699,10.854,55620.4905628
2016-10-27,11.52,11.503,11.67,11.231,31394.9416187
2016-10-26,11.498,11.52,11.724,11.451,21338.7991731
2016-10-25,11.981,11.469,11.999,11.122,32131.5224141
2016-10-24,12.05,11.981,12.23,11.981,13888.0089313
2016-10-23,12.25,12.07,12.263,11.991,9265.1870345
2016-10-22,12.129,12.186,12.374,12.082,5890.23156946
2016-10-21,12.151,12.196,12.2,12.087,8457.62999902
2016-10-20,12.037,12.151,12.316,12.03,24840.5999961
2016-10-19,12.56,11.988,12.623,11.95,37242.0724513
2016-10-18,11.982,12.611,12.91,11.981,68021.1257003
2016-10-17,11.945,12.001,12.03,11.811,24912.5908557
2016-10-16,11.963,12.02,12.06,11.92,6744.58257926
2016-10-15,11.96,12.01,12.049,11.83,11556.2351081
2016-10-14,12.021,11.93,12.1,11.9,6621.18588
2016-10-13,11.905,11.988,12.12,11.811,17312.7848015
2016-10-12,11.752,11.925,12.055,11.678,39723.4833607
2016-10-11,11.731,11.823,12.33,11.731,35303.0162702
2016-10-10,12.027,11.732,12.09,11.6,85328.6726117
2016-10-09,12.208,12.012,12.557,11.99,47640.0250246
2016-10-08,12.73,12.21,12.758,12.0,37635.1627813
2016-10-07,12.82,12.69,13.0,12.56,21520.2123978
2016-10-06,13.021,12.84,13.146,12.624,17170.8604746
2016-10-05,13.27,13.022,13.392,13.022,19263.6565464
2016-10-04,13.445,13.27,13.5,13.22,19050.0499155
2016-10-03,13.221,13.387,13.5,13.17,7757.52689564
2016-10-02,13.188,13.16,13.327,13.002,14820.8972209
2016-10-01,13.22,13.179,13.33,13.048,13543.2149243
2016-09-30,13.06,13.291,13.43,13.05,12304.7379323
2016-09-29,13.324,13.061,13.329,13.061,16027.3489947
2016-09-28,13.084,13.25,13.487,13.044,17203.2424582
2016-09-27,12.941,13.084,13.267,12.85,20579.2899601
2016-09-26,13.08,12.864,13.16,12.81,18126.6403302
2016-09-25,12.835,13.08,13.196,12.774,11475.1104918
2016-09-24,13.316,12.861,13.469,12.712,22159.4309837
2016-09-23,13.243,13.364,13.502,13.099,7568.71152508
2016-09-22,13.76,13.327,13.761,12.47,78260.3053753
2016-09-21,14.243,13.76,14.377,13.162,65920.1058001
2016-09-20,13.22,14.258,15.4,13.076,95662.6261046
2016-09-19,12.447,13.22,13.229,12.394,32219.1837807
2016-09-18,12.73,12.45,13.101,12.26,105204.014201
2016-09-17,12.624,12.8,12.869,12.511,10684.99137
2016-09-16,12.051,12.612,12.822,11.99,55580.0855395
2016-09-15,11.942,12.158,12.413,11.907,79094.3911405
2016-09-14,11.961,11.944,12.332,11.91,39415.3170335
2016-09-13,11.92,12.018,12.55,11.864,150229.276941
2016-09-12,11.682,12.058,12.058,11.632,27046.8253318
2016-09-11,12.241,11.672,12.28,11.6,42090.2825331
2016-09-10,11.72,12.263,12.298,11.58,26380.363653
2016-09-09,11.477,11.72,11.9,11.458,57640.9395374
2016-09-08,11.612,11.492,11.964,11.264,21968.8974897
2016-09-07,11.721,11.611,11.82,11.6,7838.20784284
2016-09-06,11.882,11.773,11.919,11.452,23980.1575032
2016-09-05,11.725,11.812,11.92,11.65,10047.4699583
2016-09-04,11.974,11.737,12.03,11.6,15892.2394172
2016-09-03,12.25,11.94,12.427,11.645,25026.7700974
2016-09-02,12.0,12.298,12.38,11.912,16942.8830593
2016-09-01,11.605,12.067,12.598,11.605,24433.3225965
2016-08-31,11.28,11.663,11.678,11.17,12192.0105062
2016-08-30,11.033,11.29,11.389,10.935,12061.5579106
2016-08-29,10.932,10.962,11.181,10.781,17631.4555474
2016-08-28,11.156,10.932,11.156,10.922,11225.2022988
2016-08-27,11.259,11.113,11.259,11.113,2632.45481956
2016-08-26,11.304,11.217,11.42,11.134,8589.62085501
2016-08-25,11.059,11.301,11.392,10.972,23704.6247613
2016-08-24,11.022,11.055,11.195,10.961,10795.6283976
2016-08-23,11.145,11.022,11.28,10.896,18375.1397565
2016-08-22,11.199,11.087,11.358,11.004,23531.702755
2016-08-21,11.236,11.135,11.252,10.926,14545.7230819
2016-08-20,10.68,11.236,11.301,10.68,55485.1004082
2016-08-19,10.69,10.68,10.76,10.61,40367.2850133
2016-08-18,10.704,10.69,10.97,10.657,46372.1184579
2016-08-17,11.07,10.708,11.07,10.65,130249.21742
2016-08-16,11.13,11.022,11.17,10.832,21051.6484229
2016-08-15,11.092,11.13,11.28,10.883,43786.1318066
2016-08-14,11.49,11.16,11.67,11.003,52993.2815393
2016-08-13,11.69,11.49,11.76,11.4,40660.8325466
2016-08-12,11.71,11.69,11.99,11.565,75096.2169157
2016-08-11,11.93,11.71,12.1,11.569,101343.554078
2016-08-10,11.0,11.92,12.33,11.0,137979.042135
2016-08-02,10.98,10.165,11.198,9.9,257926.05614
2016-08-01,11.87,10.983,12.041,10.902,118734.677435
2016-07-31,12.465,11.876,12.552,11.303,120132.761302
2016-07-30,12.85,12.431,12.867,12.411,51579.8377101
2016-07-29,12.87,12.86,12.944,12.6,54379.0132255
2016-07-28,13.0,12.834,13.015,12.54,86518.7603444
2016-07-27,11.808,13.0,13.4,11.808,348220.53125
2016-07-26,13.782,11.804,13.86,11.775,419861.889345
2016-07-25,12.771,13.782,13.82,12.685,216655.354433
2016-07-24,14.25,12.771,14.439,12.168,474125.610324
2016-07-23,14.601,14.26,14.85,13.9,190408.760794
2016-07-22,12.631,14.62,15.146,12.53,462465.33839
2016-07-21,12.451,12.631,12.75,12.028,154832.259884
2016-07-20,11.615,12.451,13.037,11.553,473086.030085
2016-07-19,11.083,11.658,12.24,11.041,215752.891033
2016-07-18,11.255,11.084,11.749,11.009,76357.0683574
2016-07-17,11.705,11.255,11.737,11.021,162766.232874
2016-07-16,11.953,11.72,12.052,11.67,39799.2725149
2016-07-15,11.466,11.96,12.553,11.369,174559.014888
2016-07-14,10.514,11.517,11.79,10.491,125971.939149
2016-07-13,10.526,10.43,10.6,10.425,18745.8221478
2016-07-12,10.501,10.528,10.802,10.399,42574.0156826
2016-07-11,10.95,10.501,11.087,10.201,82724.293481
2016-07-10,10.842,10.96,11.02,10.736,22276.6397574
2016-07-09,11.37,10.902,11.436,10.395,135106.671055
2016-07-08,10.127,11.38,11.649,9.902,175241.639394
2016-07-07,10.578,10.14,10.669,9.729,83616.9558832
2016-07-06,10.58,10.578,11.12,10.221,95985.5401224
2016-07-05,11.47,10.588,11.485,9.353,321774.002602
2016-07-04,11.753,11.471,11.85,11.351,42460.6307609
2016-07-03,12.125,11.763,12.147,11.56,56409.2021143
2016-07-02,12.19,12.136,12.213,11.95,25168.0578268
2016-07-01,12.479,12.194,12.58,11.74,88143.2615943
2016-06-30,12.6,12.41,12.884,12.2,61631.6252724
2016-06-29,12.12,12.62,13.045,11.57,136304.155176
2016-06-28,14.043,12.114,14.079,11.513,260077.774492
2016-06-27,13.744,14.031,14.188,13.682,39443.1499704
2016-06-26,14.33,13.754,14.4,13.525,61784.8673626
2016-06-25,14.333,14.33,14.836,13.913,77063.5822157
2016-06-24,13.789,14.333,14.46,13.1,161070.27836
2016-06-23,13.5,13.804,14.0,12.5,152176.597809
2016-06-22,13.214,13.501,15.9,12.95,538616.585183
2016-06-21,11.856,13.295,13.498,11.2,193640.281191
2016-06-20,12.251,11.898,12.487,10.51,317762.645798
2016-06-19,11.3,12.251,13.361,10.459,382642.104826
2016-06-18,15.43,11.3,15.43,10.133,895564.665069
2016-06-17,20.747,15.429,21.69,11.51,1369132.2483
2016-06-16,18.278,20.697,21.1,18.278,296550.620191
2016-06-15,18.75,18.247,18.775,17.55,105901.836535
2016-06-14,17.635,18.75,19.41,16.0,337986.691934
2016-06-13,15.778,17.786,17.91,15.701,259931.839256
2016-06-12,14.36,15.778,16.087,14.226,165362.071812
2016-06-11,13.97,14.36,14.383,13.81,37906.9917303
2016-06-10,14.494,13.97,14.51,13.561,63321.4571535
2016-06-09,14.41,14.494,14.7,14.374,18913.4339773
2016-06-08,14.61,14.41,14.89,14.3,78019.6043946
2016-06-07,13.949,14.601,14.697,13.88,60569.2923888
2016-06-06,13.97,13.949,14.193,13.801,33303.7427722
2016-06-05,13.787,13.895,13.969,13.686,16549.0500512
2016-06-04,13.94,13.701,13.962,13.404,40804.6256053
2016-06-03,13.818,13.94,13.99,13.42,57902.8250131
2016-06-02,13.94,13.77,14.029,13.608,45433.3035876
2016-06-01,14.131,13.945,14.3,13.46,86596.0885388
2016-05-31,12.727,14.13,14.3,12.6,154244.828969
2016-05-30,12.482,12.746,12.81,12.3,37001.8576632
2016-05-29,11.985,12.45,12.89,11.78,133395.582824
2016-05-28,11.241,11.898,12.499,10.384,173772.331542
2016-05-27,12.469,11.262,12.499,10.525,188603.151209
2016-05-26,12.499,12.414,13.067,12.13,62391.5028675
2016-05-25,12.8,12.522,13.0,11.8,72108.6373775
2016-05-24,13.35,12.8,13.82,12.0,126111.780574
2016-05-23,14.224,13.509,14.49,13.3,51214.9340359
2016-05-22,14.04,14.21,14.51,13.624,35618.7751372
2016-05-21,13.572,14.05,14.052,13.01,60939.3730298
2016-05-20,14.7,13.571,14.89,13.31,100810.08413
2016-05-19,13.532,14.7,14.75,13.203,116892.272698
2016-05-18,12.162,13.595,14.4,12.162,124398.046242
2016-05-17,11.12,12.174,12.6,11.098,155012.926344
2016-05-16,9.968,11.14,11.47,9.968,73690.5498653
2016-05-15,10.25,10.008,10.42,9.934,12209.3288155
2016-05-14,10.564,10.25,10.675,9.71,34420.8249634
2016-05-13,10.088,10.564,11.11,10.065,56862.2232722
2016-05-12,9.93,10.07,10.472,9.79,41337.2725881
2016-05-11,9.3971,9.93,9.98,9.391,31483.9374067
2016-05-10,9.36,9.4,9.47,9.28,5466.86807901
2016-05-09,9.5,9.361,9.647,9.252,22611.0306722
2016-05-08,9.408,9.51,9.64,9.0,23125.1048832
2016-05-07,9.45,9.408,9.644,9.2,9632.25179968
2016-05-06,9.78,9.45,9.9768,9.1202,26734.7561334
2016-05-05,9.4,9.75,10.0,9.3,19098.1540431
2016-05-04,9.3819,9.361,9.9991,9.253,21519.8272522
2016-05-03,10.079,9.371,10.079,9.183,39457.9055895
2016-05-02,8.83,10.079,10.3,8.633,85657.2397708
2016-05-01,8.7247,8.7911,8.998,8.3503,21739.5544657
2016-04-30,7.4351,8.7501,9.36,7.4351,77451.7484457
2016-04-29,7.165,7.402,7.72,7.163,14689.0273707
2016-04-28,7.725,7.164,7.87,7.15,21316.8616795
2016-04-27,7.398,7.837,7.99,7.314,26507.9854646
2016-04-26,7.56,7.42,7.599,7.1205,37192.7637627
2016-04-25,8.1735,7.56,8.1735,7.3218,59567.2511765
2016-04-24,8.3484,8.1404,8.5,8.01,14892.6307364
2016-04-23,7.909,8.399,8.8,7.807,26012.3287311
2016-04-22,8.2247,7.9096,8.409,7.73,28068.2712207
2016-04-21,8.5,8.189,8.8,8.0,12853.9626514
2016-04-20,8.7401,8.5054,9.047,8.3501,48865.7523502
2016-04-19,9.053,8.77,9.379,8.6501,10788.7901105
2016-04-18,9.29,9.03,9.55,8.441,10909.3413379
2016-04-17,8.616,9.29,10.899,8.589,28076.2784433
2016-04-16,8.296,8.669,8.68,8.1829,9105.95308581
2016-04-15,8.45,8.3199,8.69,8.1,8737.4877203
2016-04-14,8.053,8.47,8.86,8.0,10384.7304995
2016-04-13,7.465,8.05,8.8,6.855,40687.4218147
2016-04-12,8.65,7.52,8.65,7.211,18971.6438895
2016-04-11,8.9299,8.699,8.9329,8.01,17442.1494368
2016-04-10,9.204,8.931,9.43,7.52,53033.2659724
2016-04-09,9.72,9.137,10.197,9.0,18728.0179403
2016-04-08,10.06,9.71,10.34,9.6,7427.29123427
2016-04-07,10.692,10.137,10.847,9.405,14509.4480427
2016-04-06,10.47,10.62,10.962,10.2,11476.5477564
2016-04-05,11.104,10.468,11.108,9.7,15369.5825087
2016-04-04,11.61,11.15,11.665,10.881,11117.2367804
2016-04-03,11.61,11.61,11.76,11.4,5388.04478383
2016-04-02,11.65,11.658,11.765,11.426,3477.60147772
2016-04-01,11.391,11.624,11.942,11.391,6350.58160783
2016-03-31,11.864,11.386,12.015,11.29,9481.14428797
2016-03-30,11.615,11.848,12.3,11.5,10370.3258549
2016-03-29,11.777,11.658,11.883,11.365,13840.3731702
2016-03-28,10.446,11.7,11.938,10.4,22206.9413546
2016-03-27,10.981,10.407,10.981,10.172,15987.4207366
2016-03-26,10.661,11.012,11.2,10.58,4485.9518802
2016-03-25,11.231,10.661,11.353,10.52,12480.8322459
2016-03-24,12.44,11.18,12.47,10.679,14850.0330801
2016-03-23,11.222,12.42,12.429,11.201,7704.35809232
2016-03-22,11.819,11.201,11.967,11.075,7852.67909554
2016-03-21,10.219,11.8,12.048,10.14,11712.7119321
2016-03-20,10.589,10.268,10.881,9.559,9578.3617029
2016-03-19,10.99,10.573,11.17,9.776,20588.7223595
2016-03-18,11.08,10.99,11.198,8.338,45397.8284726
2016-03-17,12.548,11.06,12.62,10.436,26283.3287559
2016-03-16,13.1,12.548,13.89,12.409,6127.95278401
2016-03-15,12.42,13.1,13.421,11.98,13193.0371911
2016-03-14,14.531,12.403,14.95,11.4,27906.0234602
2016-03-13,13.45,14.456,15.074,13.45,379.267469
2016-03-12,11.95,12.918,13.45,11.95,237.777041
2016-03-11,11.85,11.95,11.95,11.8,50.846991
2016-03-10,11.072,11.75,11.85,11.072,1.03
2016-03-09,10.297,11.197,11.197,10.097,41.169523
