MTS,OPEN,CLOSE,HIGH,LOW,VOLUME
2017-11-19 13:00:00,0.04563,0.046423,0.046426,0.045531,2623.69242951
2017-11-19 12:00:00,0.046265,0.04563,0.04636,0.045593,5041.72218964
2017-11-19 11:00:00,0.046267,0.046258,0.04649,0.04608,7059.48177604
2017-11-19 10:00:00,0.046765,0.046243,0.046834,0.046228,5738.508243
2017-11-19 09:00:00,0.046401,0.04676,0.047083,0.046132,6126.21010277
2017-11-19 08:00:00,0.046928,0.046423,0.047716,0.046235,7549.23404052
2017-11-19 07:00:00,0.046205,0.046943,0.048574,0.046194,17033.9494036
2017-11-19 06:00:00,0.044958,0.046218,0.046309,0.044952,8307.57782431
2017-11-19 05:00:00,0.044791,0.044958,0.045,0.04479,1692.95615409
2017-11-19 04:00:00,0.044562,0.044801,0.045025,0.044493,2799.90153324
2017-11-19 03:00:00,0.044303,0.044577,0.044657,0.044303,1481.5602641
2017-11-19 02:00:00,0.044211,0.044326,0.044349,0.04405,1883.31928071
2017-11-19 01:00:00,0.044681,0.044211,0.044715,0.044136,2015.80754457
2017-11-19 00:00:00,0.044673,0.044676,0.044819,0.044487,1684.46966559
2017-11-18 23:00:00,0.044594,0.04467,0.045024,0.044355,9061.14314226
2017-11-18 22:00:00,0.044,0.044606,0.044636,0.044,12647.5237316
2017-11-18 21:00:00,0.043574,0.044,0.044047,0.043332,7235.75432679
2017-11-18 20:00:00,0.043577,0.043606,0.043707,0.043307,1907.95173731
2017-11-18 19:00:00,0.043468,0.043585,0.043868,0.043388,2970.41387814
2017-11-18 18:00:00,0.043318,0.043444,0.043482,0.04314,2014.80468393
2017-11-18 17:00:00,0.043749,0.043318,0.04375,0.0432,2843.28717495
2017-11-18 16:00:00,0.043598,0.043724,0.04375,0.0434,3355.68092603
2017-11-18 15:00:00,0.043357,0.043618,0.04371,0.043328,2744.64842148
2017-11-18 14:00:00,0.043557,0.043376,0.043596,0.042808,3566.55609493
2017-11-18 13:00:00,0.043348,0.043572,0.043661,0.043085,2048.26352692
2017-11-18 12:00:00,0.042791,0.043344,0.043398,0.042765,1610.46599316
2017-11-18 11:00:00,0.042938,0.042798,0.0432,0.042777,1886.38923304
2017-11-18 10:00:00,0.042642,0.042934,0.043063,0.042635,1511.71734195
2017-11-18 09:00:00,0.042731,0.042641,0.042964,0.042591,2229.22265881
2017-11-18 08:00:00,0.043052,0.042776,0.043091,0.042389,4816.97776514
2017-11-18 07:00:00,0.043423,0.043052,0.043544,0.042949,2429.39730551
2017-11-18 06:00:00,0.04293,0.04345,0.043454,0.042912,1480.45577504
2017-11-18 05:00:00,0.042641,0.042905,0.043087,0.042605,2480.25529442
2017-11-18 04:00:00,0.043434,0.042694,0.043699,0.042587,2866.07090978
2017-11-18 03:00:00,0.043841,0.043435,0.043971,0.042964,5012.34767455
2017-11-18 02:00:00,0.043739,0.043895,0.043997,0.04353,4012.34600507
2017-11-18 01:00:00,0.04319,0.043752,0.043997,0.042984,5832.17343449
2017-11-18 00:00:00,0.043111,0.043168,0.043609,0.042857,4980.21178882
2017-11-17 23:00:00,0.042646,0.04309,0.043186,0.042617,3283.52115057
2017-11-17 22:00:00,0.04306,0.042645,0.04326,0.042449,2836.52730118
2017-11-17 21:00:00,0.043039,0.04306,0.04383,0.042972,4995.86748179
2017-11-17 20:00:00,0.04248,0.043039,0.04322,0.042342,3242.01669718
2017-11-17 19:00:00,0.042429,0.042388,0.042689,0.042284,2284.80542367
2017-11-17 18:00:00,0.042327,0.042386,0.0425,0.042186,1404.53675095
2017-11-17 17:00:00,0.042222,0.042327,0.04244,0.042154,2822.24117364
2017-11-17 16:00:00,0.041831,0.042233,0.042254,0.041702,2912.59923684
2017-11-17 15:00:00,0.042206,0.041792,0.042299,0.041714,9616.32736036
2017-11-17 14:00:00,0.042415,0.04221,0.042526,0.042104,2048.09624501
2017-11-17 13:00:00,0.042751,0.042398,0.042751,0.042091,2597.42538289
2017-11-17 12:00:00,0.042162,0.04278,0.042997,0.0417,8690.58780658
2017-11-17 11:00:00,0.041853,0.04218,0.042288,0.041626,4739.23975085
2017-11-17 10:00:00,0.042313,0.041827,0.042431,0.041827,2476.07289821
2017-11-17 09:00:00,0.042277,0.042258,0.04245,0.041842,3740.79033757
2017-11-17 08:00:00,0.043401,0.0423,0.043458,0.04218,11031.0920431
2017-11-17 07:00:00,0.042039,0.043425,0.043425,0.041853,12042.1344857
2017-11-17 06:00:00,0.041773,0.04204,0.0421,0.041645,3398.02264875
2017-11-17 05:00:00,0.04185,0.041736,0.042319,0.041711,4717.36950704
2017-11-17 04:00:00,0.04185,0.041819,0.042,0.041714,2575.81449656
2017-11-17 03:00:00,0.041957,0.041862,0.042,0.041669,4444.29827599
2017-11-17 02:00:00,0.041787,0.041962,0.042316,0.041713,5489.36002276
2017-11-17 01:00:00,0.041452,0.041793,0.041834,0.041054,4733.77578669
2017-11-17 00:00:00,0.041999,0.041477,0.042,0.041142,7752.29440493
2017-11-16 23:00:00,0.042313,0.041999,0.04248,0.04173,5923.95206205
2017-11-16 22:00:00,0.041554,0.042302,0.042724,0.040475,11237.3815359
2017-11-16 21:00:00,0.042317,0.041492,0.042393,0.041457,5104.64355539
2017-11-16 20:00:00,0.042585,0.042302,0.042781,0.042289,3765.34710547
2017-11-16 19:00:00,0.042066,0.042576,0.04307,0.041862,3538.68605083
2017-11-16 18:00:00,0.043063,0.042066,0.043162,0.042066,10103.4396453
2017-11-16 17:00:00,0.04485,0.043063,0.044892,0.043,6283.82383158
2017-11-16 16:00:00,0.044371,0.044786,0.044977,0.04412,5699.4133501
2017-11-16 15:00:00,0.043769,0.04432,0.04436,0.043658,3163.58974907
2017-11-16 14:00:00,0.044117,0.043752,0.0442,0.043574,5026.75662466
2017-11-16 13:00:00,0.044202,0.044162,0.044525,0.044072,4012.31981167
2017-11-16 12:00:00,0.04379,0.044146,0.044288,0.04379,5304.12226288
2017-11-16 11:00:00,0.043357,0.04379,0.043994,0.042947,7926.372176
2017-11-16 10:00:00,0.043463,0.043327,0.043491,0.042796,5213.36444319
2017-11-16 09:00:00,0.043599,0.043401,0.043718,0.043214,4888.21406447
2017-11-16 08:00:00,0.044026,0.04364,0.044041,0.043536,6163.22292337
2017-11-16 07:00:00,0.045109,0.04403,0.045137,0.0439,5945.6996802
2017-11-16 06:00:00,0.045583,0.04512,0.045595,0.045003,2206.26204086
2017-11-16 05:00:00,0.045505,0.045477,0.045718,0.045451,1372.60100957
2017-11-16 04:00:00,0.045291,0.045506,0.045655,0.045221,2148.68862579
2017-11-16 03:00:00,0.045728,0.045258,0.045751,0.045217,3486.85150038
2017-11-16 02:00:00,0.045983,0.045726,0.046245,0.04567,3215.09405343
2017-11-16 01:00:00,0.045788,0.046035,0.04633,0.04578,3549.60828491
2017-11-16 00:00:00,0.045592,0.045782,0.04585,0.045419,1771.71345068
2017-11-15 23:00:00,0.045383,0.04555,0.045818,0.045334,2358.20172423
2017-11-15 22:00:00,0.044966,0.045383,0.045494,0.044928,5027.61761862
2017-11-15 21:00:00,0.045493,0.044968,0.045666,0.044928,2187.09713905
2017-11-15 20:00:00,0.045573,0.045477,0.045787,0.045,4257.08196867
2017-11-15 19:00:00,0.046387,0.045575,0.046387,0.045367,6098.62792204
2017-11-15 18:00:00,0.046115,0.046387,0.046526,0.046049,3351.57983395
2017-11-15 17:00:00,0.046166,0.046092,0.046281,0.045643,2746.8282399
2017-11-15 16:00:00,0.04511,0.046165,0.046797,0.0451,6962.66098409
2017-11-15 15:00:00,0.046149,0.04511,0.04626,0.04501,7182.14256363
2017-11-15 14:00:00,0.046861,0.04615,0.046958,0.046081,6496.44021367
2017-11-15 13:00:00,0.046422,0.046869,0.047118,0.046285,3660.66834543
2017-11-15 12:00:00,0.04761,0.046424,0.04761,0.046421,7023.42695362
2017-11-15 11:00:00,0.048488,0.047622,0.048562,0.04761,3039.41318597
2017-11-15 10:00:00,0.048584,0.048483,0.048781,0.048402,2783.04007545
2017-11-15 09:00:00,0.048665,0.048581,0.048721,0.048199,2660.79446848
2017-11-15 08:00:00,0.048833,0.048587,0.048879,0.048587,1716.54449948
2017-11-15 07:00:00,0.049429,0.048823,0.049544,0.04842,2703.21681211
2017-11-15 06:00:00,0.049492,0.049422,0.049674,0.049351,2611.34083313
2017-11-15 05:00:00,0.049051,0.049492,0.04955,0.049048,6159.14502836
2017-11-15 04:00:00,0.048655,0.049051,0.049289,0.04863,3547.34602846
2017-11-15 03:00:00,0.048245,0.048656,0.0489,0.048146,5307.2602558
2017-11-15 02:00:00,0.048812,0.04825,0.048949,0.048162,7003.02788845
2017-11-15 01:00:00,0.049713,0.048801,0.049788,0.0488,12302.5577874
2017-11-15 00:00:00,0.050841,0.049724,0.05088,0.04955,10258.2862804
2017-11-14 23:00:00,0.05065,0.050841,0.05085,0.05065,4358.24201
2017-11-14 22:00:00,0.050737,0.05066,0.051179,0.05065,9799.86134337
2017-11-14 21:00:00,0.050084,0.050662,0.05079,0.049981,4646.19443193
2017-11-14 20:00:00,0.050077,0.05013,0.0502,0.049699,3543.86267213
2017-11-14 19:00:00,0.05,0.050077,0.050309,0.049837,2295.78325572
2017-11-14 18:00:00,0.050121,0.050055,0.050463,0.049801,3628.68797233
2017-11-14 17:00:00,0.050329,0.050133,0.050399,0.050051,3469.86100066
2017-11-14 16:00:00,0.05059,0.050327,0.05079,0.050236,6945.8649121
2017-11-14 15:00:00,0.050413,0.05059,0.05059,0.050272,8684.81105925
2017-11-14 14:00:00,0.050802,0.050413,0.050832,0.05,4030.75829714
2017-11-14 13:00:00,0.050176,0.050802,0.051027,0.050138,5369.64904774
2017-11-14 12:00:00,0.049879,0.050215,0.051,0.049527,9012.73025005
2017-11-14 11:00:00,0.050355,0.049938,0.050548,0.049766,7997.75766098
2017-11-14 10:00:00,0.050609,0.050354,0.050739,0.049901,5868.1056647
2017-11-14 09:00:00,0.0505,0.050612,0.051196,0.050027,7790.18954558
2017-11-14 08:00:00,0.049829,0.050509,0.052,0.049813,18394.03937
2017-11-14 07:00:00,0.049016,0.049836,0.05061,0.048948,5663.65216486
2017-11-14 06:00:00,0.048602,0.049016,0.049054,0.048238,2378.24385262
2017-11-14 05:00:00,0.047833,0.048671,0.048671,0.04775,1882.32450523
2017-11-14 04:00:00,0.04804,0.047817,0.0489,0.04759,4809.46007797
2017-11-14 03:00:00,0.048276,0.048029,0.048517,0.04751,5633.60828258
2017-11-14 02:00:00,0.047709,0.048322,0.048503,0.047514,4979.2997899
2017-11-14 01:00:00,0.04753,0.04771,0.048047,0.0474,7564.67323633
2017-11-14 00:00:00,0.0483,0.047588,0.048384,0.047556,6346.54026148
2017-11-13 23:00:00,0.048665,0.0483,0.049192,0.048149,5952.06245762
2017-11-13 22:00:00,0.048609,0.048703,0.0492,0.048161,8320.72545179
2017-11-13 21:00:00,0.048982,0.048513,0.049064,0.048106,8009.07904508
2017-11-13 20:00:00,0.048972,0.04898,0.0496,0.048409,3943.18263845
2017-11-13 19:00:00,0.049673,0.049128,0.050321,0.0484,8791.78244333
2017-11-13 18:00:00,0.048596,0.049663,0.05,0.048554,9366.28005169
2017-11-13 17:00:00,0.048769,0.04852,0.049018,0.048121,6061.56629624
2017-11-13 16:00:00,0.047261,0.04865,0.04884,0.047141,6856.06533739
2017-11-13 15:00:00,0.048454,0.04719,0.048521,0.047139,4882.0449867
2017-11-13 14:00:00,0.047561,0.048426,0.049136,0.047535,10725.0932082
2017-11-13 13:00:00,0.047265,0.047347,0.048198,0.046226,10363.6279977
2017-11-13 12:00:00,0.048604,0.047268,0.048878,0.047203,4851.79122731
2017-11-13 11:00:00,0.04894,0.048604,0.049189,0.048326,7269.87239237
2017-11-13 10:00:00,0.048994,0.04894,0.049347,0.048374,5246.95761987
2017-11-13 09:00:00,0.05028,0.04899,0.05028,0.048641,6218.46327714
2017-11-13 08:00:00,0.05016,0.05028,0.050608,0.049951,6432.29304461
2017-11-13 07:00:00,0.049279,0.05016,0.050482,0.04909,7939.20569962
2017-11-13 06:00:00,0.04961,0.04927,0.049942,0.048921,10422.5132485
2017-11-13 05:00:00,0.051195,0.049761,0.051452,0.048028,14757.8413795
2017-11-13 04:00:00,0.0523,0.051214,0.052499,0.051028,5587.88465171
2017-11-13 03:00:00,0.053241,0.052321,0.053242,0.052153,4347.31471139
2017-11-13 02:00:00,0.054087,0.053243,0.054265,0.05295,7454.7325357
2017-11-13 01:00:00,0.05266,0.054061,0.054406,0.052381,10334.1469305
2017-11-13 00:00:00,0.052149,0.05263,0.05263,0.051119,10529.4075123
2017-11-12 23:00:00,0.053675,0.052149,0.0545,0.051111,20521.8385538
2017-11-12 22:00:00,0.052622,0.053671,0.053852,0.052622,15783.0162178
2017-11-12 21:00:00,0.051944,0.052627,0.052988,0.05186,12557.5413642
2017-11-12 20:00:00,0.051467,0.05203,0.052079,0.051259,9545.93638657
2017-11-12 19:00:00,0.050974,0.051463,0.051689,0.05054,11720.7008374
2017-11-12 18:00:00,0.05218,0.050976,0.052214,0.050664,10271.5511512
2017-11-12 17:00:00,0.051095,0.052181,0.0525,0.050767,10813.3437516
2017-11-12 16:00:00,0.049316,0.051094,0.051269,0.049151,9167.18756604
2017-11-12 15:00:00,0.049681,0.0493,0.050428,0.048292,11397.6007465
2017-11-12 14:00:00,0.049131,0.049674,0.049972,0.048217,9811.28586511
2017-11-12 13:00:00,0.048664,0.049137,0.050725,0.048532,21170.9867804
2017-11-12 12:00:00,0.047439,0.048661,0.049158,0.04705,8265.9314858
2017-11-12 11:00:00,0.047922,0.047327,0.04833,0.046739,14746.9220667
2017-11-12 10:00:00,0.048377,0.047922,0.04904,0.047511,17590.2046229
2017-11-12 09:00:00,0.049081,0.048532,0.051025,0.04789,13442.7516262
2017-11-12 08:00:00,0.049938,0.0492,0.05,0.046891,22423.4424749
2017-11-12 07:00:00,0.053339,0.050049,0.053874,0.048841,24033.8353464
2017-11-12 06:00:00,0.052626,0.053329,0.054465,0.052001,24195.6264481
2017-11-12 05:00:00,0.05174,0.052667,0.054,0.0517,15393.8461005
2017-11-12 04:00:00,0.050982,0.051858,0.051889,0.0507,11431.7477521
2017-11-12 03:00:00,0.05,0.050885,0.05123,0.049739,19264.6560098
2017-11-12 02:00:00,0.05,0.049988,0.050326,0.049635,13884.947202
2017-11-12 01:00:00,0.049816,0.050001,0.050489,0.049469,10117.3652358
2017-11-12 00:00:00,0.0496,0.049847,0.050059,0.049362,3105.3385701
2017-11-11 23:00:00,0.049945,0.049583,0.050525,0.049452,4699.35160492
2017-11-11 22:00:00,0.048826,0.049951,0.05039,0.048743,7412.44904871
2017-11-11 21:00:00,0.049726,0.048833,0.049731,0.048833,8746.28166325
2017-11-11 20:00:00,0.050309,0.049745,0.050999,0.049745,9097.93207405
2017-11-11 19:00:00,0.050662,0.050106,0.0514,0.049515,12054.0258927
2017-11-11 18:00:00,0.049383,0.050663,0.050845,0.04919,13663.2253676
2017-11-11 17:00:00,0.047786,0.049415,0.049416,0.047785,8874.75609956
2017-11-11 16:00:00,0.0478,0.04784,0.048,0.0474,15901.2389326
2017-11-11 15:00:00,0.047222,0.04779,0.047906,0.04721,14329.5457829
2017-11-11 14:00:00,0.04676,0.047222,0.04733,0.04639,15643.4581244
2017-11-11 13:00:00,0.04694,0.04672,0.047677,0.04621,12776.6726428
2017-11-11 12:00:00,0.046332,0.046989,0.04749,0.046332,18148.2593256
2017-11-11 11:00:00,0.046,0.046439,0.046441,0.045925,8479.73328573
2017-11-11 10:00:00,0.04547,0.046,0.046205,0.04545,4425.53334746
2017-11-11 09:00:00,0.045031,0.045475,0.045475,0.045029,3034.8121498
2017-11-11 08:00:00,0.045541,0.045026,0.045541,0.04499,1713.15948134
2017-11-11 07:00:00,0.045,0.045546,0.045643,0.045,2963.38615818
2017-11-11 06:00:00,0.044939,0.045,0.04515,0.04482,2229.2525614
2017-11-11 05:00:00,0.044636,0.04494,0.045,0.044332,3474.68185504
2017-11-11 04:00:00,0.044421,0.044622,0.0448,0.044331,2091.47522812
2017-11-11 03:00:00,0.0445,0.04443,0.0447,0.044333,2621.27264595
2017-11-11 02:00:00,0.044173,0.044522,0.044692,0.04414,2192.4018588
2017-11-11 01:00:00,0.044864,0.04418,0.044957,0.04417,3029.71757853
2017-11-11 00:00:00,0.045211,0.0449,0.045337,0.044857,3969.59537961
2017-11-10 23:00:00,0.044869,0.045208,0.045501,0.044869,4565.62304859
2017-11-10 22:00:00,0.045609,0.044918,0.045609,0.044836,5006.53169246
2017-11-10 21:00:00,0.045643,0.045609,0.045899,0.044957,6026.83998177
2017-11-10 20:00:00,0.045142,0.045642,0.046,0.044822,10215.281024
2017-11-10 19:00:00,0.044883,0.045144,0.045405,0.044477,7615.86027083
2017-11-10 18:00:00,0.044528,0.044883,0.045197,0.044478,8926.63726931
2017-11-10 17:00:00,0.044255,0.044528,0.044958,0.044084,4075.84900016
2017-11-10 16:00:00,0.044443,0.044263,0.044444,0.043866,4182.8153965
2017-11-10 15:00:00,0.044995,0.04446,0.045099,0.04429,3416.32838935
2017-11-10 14:00:00,0.044925,0.04499,0.045229,0.044075,4761.40239281
2017-11-10 13:00:00,0.045326,0.044921,0.045673,0.044319,5891.44888792
2017-11-10 12:00:00,0.045506,0.045325,0.046164,0.044784,10224.5944366
2017-11-10 11:00:00,0.04549,0.045555,0.0468,0.044826,18843.734258
2017-11-10 10:00:00,0.044754,0.045482,0.0456,0.044662,5604.36159855
2017-11-10 09:00:00,0.044146,0.044755,0.04498,0.044098,4034.70332324
2017-11-10 08:00:00,0.044117,0.04415,0.044167,0.043742,3574.68030957
2017-11-10 07:00:00,0.044127,0.04412,0.0445,0.044021,3937.1079324
2017-11-10 06:00:00,0.044154,0.044127,0.04432,0.044,3287.27313091
2017-11-10 05:00:00,0.043811,0.044125,0.04428,0.043684,3788.97655545
2017-11-10 04:00:00,0.04406,0.04378,0.044127,0.043761,1587.99734403
2017-11-10 03:00:00,0.043922,0.044099,0.044101,0.043789,2450.65118252
2017-11-10 02:00:00,0.044116,0.043922,0.044275,0.043823,2416.01729431
2017-11-10 01:00:00,0.043802,0.044102,0.044123,0.0438,1645.4234301
2017-11-10 00:00:00,0.044811,0.043801,0.044866,0.043801,3798.4418303
2017-11-09 23:00:00,0.044632,0.044806,0.045136,0.044623,3814.77371411
2017-11-09 22:00:00,0.045059,0.04463,0.045059,0.044525,4990.14261091
2017-11-09 21:00:00,0.045466,0.045087,0.0456,0.045044,5289.59514272
2017-11-09 20:00:00,0.045524,0.04545,0.045692,0.04533,2403.82902323
2017-11-09 19:00:00,0.045408,0.045524,0.045649,0.045322,3677.26022551
2017-11-09 18:00:00,0.04537,0.045391,0.045512,0.045257,3398.86517998
2017-11-09 17:00:00,0.04533,0.04537,0.045684,0.045302,4792.86507145
2017-11-09 16:00:00,0.046001,0.04533,0.046049,0.0453,6865.95484497
2017-11-09 15:00:00,0.045284,0.046,0.04618,0.045201,16236.5106888
2017-11-09 14:00:00,0.0446,0.045287,0.0454,0.0446,5690.02819007
2017-11-09 13:00:00,0.044317,0.0446,0.044658,0.0443,6159.22466885
2017-11-09 12:00:00,0.044374,0.044326,0.045238,0.043898,13082.9096234
2017-11-09 11:00:00,0.04359,0.0444,0.044664,0.043566,9492.0808872
2017-11-09 10:00:00,0.043234,0.043565,0.043663,0.043019,4342.9984655
2017-11-09 09:00:00,0.04358,0.043235,0.043681,0.043226,4662.36430836
2017-11-09 08:00:00,0.042848,0.04358,0.0443,0.042786,7880.55360342
2017-11-09 07:00:00,0.04253,0.042849,0.042866,0.042441,3729.62886715
2017-11-09 06:00:00,0.042405,0.04253,0.042632,0.042325,3518.03650779
2017-11-09 05:00:00,0.04243,0.042405,0.042487,0.042166,3390.91025867
2017-11-09 04:00:00,0.042045,0.04241,0.042566,0.04201,2221.41414521
2017-11-09 03:00:00,0.042217,0.042044,0.042314,0.041931,2334.20480519
2017-11-09 02:00:00,0.042073,0.042201,0.042341,0.041855,3210.9259077
2017-11-09 01:00:00,0.042065,0.04209,0.04299,0.04201,6861.80166021
2017-11-09 00:00:00,0.04131,0.042066,0.0421,0.041257,5752.55536562
2017-11-08 23:00:00,0.041909,0.041319,0.042184,0.041298,5567.95283963
2017-11-08 22:00:00,0.043113,0.0419,0.043396,0.04187,15339.519232
2017-11-08 21:00:00,0.0437,0.043099,0.043721,0.042493,10717.6198641
2017-11-08 20:00:00,0.043541,0.0437,0.0455,0.042683,20007.1763265
2017-11-08 19:00:00,0.042149,0.043589,0.043589,0.041497,20548.627181
2017-11-08 18:00:00,0.039499,0.042144,0.043791,0.03949,28650.2554294
2017-11-08 17:00:00,0.040006,0.0395,0.040036,0.038234,23538.1683691
2017-11-08 16:00:00,0.039981,0.040007,0.040249,0.039951,2779.59048765
2017-11-08 15:00:00,0.039948,0.039981,0.040039,0.03973,2958.22275757
2017-11-08 14:00:00,0.040014,0.039943,0.04013,0.039894,9525.7790038
2017-11-08 13:00:00,0.039958,0.040025,0.040151,0.039925,2385.50390498
2017-11-08 12:00:00,0.040132,0.039958,0.040132,0.039818,2193.89667196
2017-11-08 11:00:00,0.040653,0.040137,0.040668,0.04001,3152.94285333
2017-11-08 10:00:00,0.040516,0.040642,0.040693,0.04048,1442.43426857
2017-11-08 09:00:00,0.040347,0.040519,0.040679,0.04034,2744.63032805
2017-11-08 08:00:00,0.040281,0.040338,0.040386,0.040222,1685.25334773
2017-11-08 07:00:00,0.040189,0.040287,0.040356,0.04013,4476.84486381
2017-11-08 06:00:00,0.040169,0.04017,0.040273,0.040101,2301.5378773
2017-11-08 05:00:00,0.040272,0.040198,0.040385,0.040123,2170.68770698
2017-11-08 04:00:00,0.040129,0.04028,0.040567,0.040129,2793.47847507
2017-11-08 03:00:00,0.040201,0.040129,0.040257,0.040032,3437.48634282
2017-11-08 02:00:00,0.040194,0.040242,0.040446,0.04014,3299.70233695
2017-11-08 01:00:00,0.04117,0.040193,0.041281,0.040041,5351.59230554
2017-11-08 00:00:00,0.041006,0.041189,0.0412,0.041001,3401.34919043
2017-11-07 23:00:00,0.041301,0.04102,0.041301,0.041001,3140.81122932
2017-11-07 22:00:00,0.041542,0.041301,0.041585,0.0413,2751.69478582
2017-11-07 21:00:00,0.041322,0.041511,0.041783,0.041188,4016.82400488
2017-11-07 20:00:00,0.040904,0.041323,0.04135,0.040903,3931.03419722
2017-11-07 19:00:00,0.04093,0.040939,0.041317,0.040871,3449.75219824
2017-11-07 18:00:00,0.041247,0.040924,0.04134,0.040754,3973.42560529
2017-11-07 17:00:00,0.041228,0.041252,0.041394,0.041021,4654.62075024
2017-11-07 16:00:00,0.041141,0.041201,0.041297,0.040901,6268.91319194
2017-11-07 15:00:00,0.041141,0.041154,0.041268,0.040588,5901.05284201
2017-11-07 14:00:00,0.041308,0.041142,0.041478,0.040811,8389.35228197
2017-11-07 13:00:00,0.041369,0.041276,0.041904,0.040727,16191.1045658
2017-11-07 12:00:00,0.042215,0.041404,0.042307,0.041166,12197.4282798
2017-11-07 11:00:00,0.042044,0.042211,0.042326,0.041935,1650.8702283
2017-11-07 10:00:00,0.041968,0.042035,0.042322,0.04188,1715.47598424
2017-11-07 09:00:00,0.041792,0.041972,0.042,0.0417,2134.05332983
2017-11-07 08:00:00,0.041737,0.041786,0.04189,0.041679,1138.16913225
2017-11-07 07:00:00,0.041652,0.041739,0.041876,0.041577,1081.46121458
2017-11-07 06:00:00,0.041713,0.041653,0.041903,0.041506,1820.09375526
2017-11-07 05:00:00,0.04154,0.041693,0.041881,0.041308,1590.37777759
2017-11-07 04:00:00,0.041886,0.041528,0.041956,0.041501,1589.26902373
2017-11-07 03:00:00,0.042506,0.0419,0.04253,0.04178,1639.32950273
2017-11-07 02:00:00,0.042445,0.042507,0.04265,0.04242,2008.11942854
2017-11-07 01:00:00,0.041939,0.042444,0.042499,0.041771,3349.94290779
2017-11-07 00:00:00,0.042707,0.041905,0.04271,0.041788,2918.94272097
2017-11-06 23:00:00,0.04258,0.042697,0.042988,0.042228,4449.27073379
2017-11-06 22:00:00,0.042034,0.04258,0.042598,0.041451,9327.98073051
2017-11-06 21:00:00,0.042169,0.042033,0.042368,0.041767,8403.45005716
2017-11-06 20:00:00,0.043159,0.042169,0.043216,0.042019,10932.5839362
2017-11-06 19:00:00,0.042781,0.043159,0.043416,0.042755,10837.8296685
2017-11-06 18:00:00,0.04216,0.042781,0.043115,0.041917,5353.49425318
2017-11-06 17:00:00,0.041997,0.042198,0.042588,0.041896,5169.13186966
2017-11-06 16:00:00,0.041837,0.041994,0.042062,0.04161,2810.10266092
2017-11-06 15:00:00,0.041041,0.041837,0.042259,0.04104,9392.73860749
2017-11-06 14:00:00,0.041022,0.041046,0.041294,0.04102,3658.29820204
2017-11-06 13:00:00,0.041073,0.041022,0.041187,0.04102,5142.49100903
2017-11-06 12:00:00,0.041051,0.041063,0.041116,0.04102,10577.4547929
2017-11-06 11:00:00,0.04098,0.041034,0.041116,0.040838,2443.74337877
2017-11-06 10:00:00,0.040559,0.040985,0.04099,0.040558,3285.15717968
2017-11-06 09:00:00,0.040339,0.040559,0.040774,0.040331,2171.00178385
2017-11-06 08:00:00,0.04038,0.04037,0.040653,0.040129,2466.64346215
2017-11-06 07:00:00,0.040209,0.040369,0.040449,0.040197,2794.83339082
2017-11-06 06:00:00,0.040203,0.040227,0.040412,0.040184,1044.18709258
2017-11-06 05:00:00,0.040771,0.040204,0.040788,0.04018,2590.23001992
2017-11-06 04:00:00,0.040551,0.040787,0.041265,0.040521,8220.5955347
2017-11-06 03:00:00,0.04017,0.040539,0.040872,0.04017,3323.38718535
2017-11-06 02:00:00,0.040054,0.04017,0.040204,0.03989,1313.80863264
2017-11-06 01:00:00,0.040067,0.040045,0.040224,0.04,2020.81053585
2017-11-06 00:00:00,0.040054,0.040084,0.040458,0.039951,4301.5435969
2017-11-05 23:00:00,0.040256,0.040044,0.040499,0.040014,3272.25644674
2017-11-05 22:00:00,0.04038,0.040328,0.040497,0.03989,6595.66086918
2017-11-05 21:00:00,0.039467,0.040379,0.040557,0.039368,10479.6819141
2017-11-05 20:00:00,0.03901,0.039467,0.03961,0.039,8151.69519637
2017-11-05 19:00:00,0.039195,0.039006,0.039219,0.039,2614.9311766
2017-11-05 18:00:00,0.039355,0.039209,0.0395,0.039106,2572.8222227
2017-11-05 17:00:00,0.039471,0.039351,0.039821,0.03934,2641.77563661
2017-11-05 16:00:00,0.039302,0.039433,0.03958,0.039268,7340.37866404
2017-11-05 15:00:00,0.039355,0.039302,0.039444,0.039109,3675.97379711
2017-11-05 14:00:00,0.039129,0.039324,0.039519,0.039042,4422.82859552
2017-11-05 13:00:00,0.039363,0.039112,0.03953,0.039,3507.53817721
2017-11-05 12:00:00,0.039344,0.039374,0.039647,0.039252,3259.32082145
2017-11-05 11:00:00,0.040016,0.039342,0.040049,0.039316,2994.30896271
2017-11-05 10:00:00,0.040094,0.040051,0.04018,0.040008,1368.78249557
2017-11-05 09:00:00,0.0402,0.040099,0.04025,0.039987,1788.16995461
2017-11-05 08:00:00,0.040269,0.040192,0.040286,0.0398,1482.64515422
2017-11-05 07:00:00,0.040169,0.040325,0.040675,0.040139,956.37327911
2017-11-05 06:00:00,0.040221,0.040148,0.040339,0.040101,1583.30910544
2017-11-05 05:00:00,0.040382,0.040279,0.040392,0.040152,1561.43802055
2017-11-05 04:00:00,0.040495,0.040363,0.040498,0.040303,1982.08141215
2017-11-05 03:00:00,0.040624,0.040495,0.040708,0.040321,1935.01750114
2017-11-05 02:00:00,0.040439,0.04061,0.040749,0.040439,855.00955679
2017-11-05 01:00:00,0.0407,0.040429,0.040736,0.040428,1624.17225619
2017-11-05 00:00:00,0.040658,0.040702,0.041001,0.040617,1750.83918724
2017-11-04 23:00:00,0.040444,0.040638,0.040873,0.040113,1436.61215694
2017-11-04 22:00:00,0.040028,0.040439,0.040593,0.04001,2981.9642526
2017-11-04 21:00:00,0.040012,0.040025,0.04015,0.039827,2900.40658108
2017-11-04 20:00:00,0.040259,0.040047,0.040436,0.039829,6464.39208596
2017-11-04 19:00:00,0.040707,0.040272,0.040757,0.040131,2062.96097422
2017-11-04 18:00:00,0.040627,0.040702,0.040816,0.040562,1511.67198463
2017-11-04 17:00:00,0.040446,0.040632,0.04073,0.0404,2685.10794293
2017-11-04 16:00:00,0.040881,0.040452,0.040899,0.040181,8244.62798335
2017-11-04 15:00:00,0.041067,0.040884,0.041382,0.040884,3346.8236425
2017-11-04 14:00:00,0.040967,0.041068,0.041248,0.040755,3244.41297891
2017-11-04 13:00:00,0.042092,0.040944,0.042202,0.040898,10626.4251261
2017-11-04 12:00:00,0.042306,0.04209,0.042367,0.042062,3515.99372854
2017-11-04 11:00:00,0.042304,0.042292,0.042382,0.042155,3021.73420132
2017-11-04 10:00:00,0.042114,0.042307,0.042745,0.042031,4103.61220201
2017-11-04 09:00:00,0.041779,0.04206,0.042123,0.041753,1274.59243993
2017-11-04 08:00:00,0.041407,0.041767,0.041818,0.041373,3660.83681821
2017-11-04 07:00:00,0.041867,0.041433,0.041887,0.04131,2060.60194738
2017-11-04 06:00:00,0.041552,0.041833,0.041922,0.041552,2023.85583265
2017-11-04 05:00:00,0.04127,0.04155,0.041578,0.04127,2006.161471
2017-11-04 04:00:00,0.041047,0.041288,0.041365,0.040857,1778.83523505
2017-11-04 03:00:00,0.041306,0.041048,0.041576,0.041046,2615.30189415
2017-11-04 02:00:00,0.041594,0.041337,0.041594,0.041163,2719.99252603
2017-11-04 01:00:00,0.042296,0.04163,0.042694,0.041625,6089.14116346
2017-11-04 00:00:00,0.042592,0.042283,0.04307,0.042242,3622.79570189
2017-11-03 23:00:00,0.042238,0.042592,0.042806,0.042238,7183.12176275
2017-11-03 22:00:00,0.043064,0.042238,0.043083,0.041872,5123.26490961
2017-11-03 21:00:00,0.042101,0.043031,0.043469,0.0421,18058.3094793
2017-11-03 20:00:00,0.041273,0.042164,0.042173,0.040985,4892.71366364
2017-11-03 19:00:00,0.040732,0.041317,0.041631,0.04065,4056.59585935
2017-11-03 18:00:00,0.040872,0.040731,0.040891,0.0407,3340.36692498
2017-11-03 17:00:00,0.040894,0.040879,0.041243,0.040839,5085.27441204
2017-11-03 16:00:00,0.040674,0.040879,0.041038,0.040674,4730.14582591
2017-11-03 15:00:00,0.040904,0.040673,0.041091,0.040671,2519.22244153
2017-11-03 14:00:00,0.041222,0.040904,0.041415,0.040665,5873.89970488
2017-11-03 13:00:00,0.040752,0.041223,0.041499,0.04075,5909.98665996
2017-11-03 12:00:00,0.040631,0.040752,0.041124,0.040448,4155.81178344
2017-11-03 11:00:00,0.039718,0.040662,0.040989,0.039701,7056.50397752
2017-11-03 10:00:00,0.039681,0.039716,0.039716,0.039287,3553.71250601
2017-11-03 09:00:00,0.039587,0.039681,0.039964,0.0394,4516.72653754
2017-11-03 08:00:00,0.040051,0.039587,0.040339,0.039587,4370.35657554
2017-11-03 07:00:00,0.040144,0.040008,0.04031,0.0399,3515.61861922
2017-11-03 06:00:00,0.040019,0.040162,0.040241,0.039902,2557.13643828
2017-11-03 05:00:00,0.040097,0.040019,0.040498,0.039932,3838.70836036
2017-11-03 04:00:00,0.039692,0.040091,0.04042,0.03963,8233.8832448
2017-11-03 03:00:00,0.040987,0.039698,0.041021,0.039587,5921.58214505
2017-11-03 02:00:00,0.04123,0.04103,0.041236,0.040751,4725.04530237
2017-11-03 01:00:00,0.040978,0.04123,0.041548,0.040946,4720.90832052
2017-11-03 00:00:00,0.04055,0.040977,0.0415,0.040548,7251.55906199
2017-11-02 23:00:00,0.040542,0.040565,0.040697,0.039952,4472.24667498
2017-11-02 22:00:00,0.040115,0.040519,0.040533,0.040082,2747.68541182
2017-11-02 21:00:00,0.040662,0.040112,0.040798,0.0401,2713.07476691
2017-11-02 20:00:00,0.041334,0.040659,0.041476,0.0402,8552.31944804
2017-11-02 19:00:00,0.041496,0.041333,0.041597,0.040994,5046.90398156
2017-11-02 18:00:00,0.0408,0.041499,0.041677,0.0408,3265.51606012
2017-11-02 17:00:00,0.040978,0.040792,0.041488,0.040705,3383.64050553
2017-11-02 16:00:00,0.040524,0.040915,0.041,0.0404,4052.53739688
2017-11-02 15:00:00,0.041444,0.040566,0.041454,0.040476,4244.89304169
2017-11-02 14:00:00,0.039923,0.041465,0.041605,0.039839,4967.09152712
2017-11-02 13:00:00,0.040751,0.039913,0.040867,0.039524,5281.52424469
2017-11-02 12:00:00,0.041452,0.040751,0.044,0.0404,14211.1121055
2017-11-02 11:00:00,0.038871,0.041451,0.043063,0.037625,28752.4291061
2017-11-02 10:00:00,0.040172,0.03891,0.040199,0.038781,11404.785103
2017-11-02 09:00:00,0.040045,0.040178,0.04035,0.04,6902.94835728
2017-11-02 08:00:00,0.040759,0.040044,0.040798,0.04,7823.87448906
2017-11-02 07:00:00,0.040476,0.040786,0.040985,0.04,11291.9063776
2017-11-02 06:00:00,0.041325,0.040475,0.041401,0.040475,6162.4261641
2017-11-02 05:00:00,0.041611,0.041334,0.041684,0.04105,5509.00138853
2017-11-02 04:00:00,0.041572,0.041611,0.042161,0.041572,3790.47070604
2017-11-02 03:00:00,0.042072,0.041571,0.042125,0.0415,3038.0199805
2017-11-02 02:00:00,0.042503,0.042114,0.04358,0.042004,10774.5238761
2017-11-02 01:00:00,0.042144,0.042503,0.042579,0.04003,20846.8546648
2017-11-02 00:00:00,0.042839,0.042138,0.043047,0.0421,11335.9075111
2017-11-01 23:00:00,0.043842,0.042847,0.043923,0.042765,6932.97637364
2017-11-01 22:00:00,0.044818,0.043841,0.044864,0.043131,11754.0915698
2017-11-01 21:00:00,0.045247,0.044858,0.045333,0.044721,5104.24096326
2017-11-01 20:00:00,0.044921,0.045245,0.04543,0.044882,3851.34473782
2017-11-01 19:00:00,0.044982,0.044894,0.045219,0.04483,3319.23790569
2017-11-01 18:00:00,0.044749,0.044976,0.045052,0.044736,1934.17072682
2017-11-01 17:00:00,0.045056,0.044741,0.045065,0.044394,7832.43521266
2017-11-01 16:00:00,0.045363,0.045064,0.04542,0.044686,4516.10893259
2017-11-01 15:00:00,0.04588,0.045359,0.045881,0.045277,6057.47364568
2017-11-01 14:00:00,0.045975,0.04588,0.04622,0.04588,4960.63833656
2017-11-01 13:00:00,0.045941,0.04599,0.046,0.045571,2544.46871619
2017-11-01 12:00:00,0.044978,0.045947,0.04605,0.044933,5367.90853868
2017-11-01 11:00:00,0.045121,0.044981,0.045461,0.044533,5135.40109693
2017-11-01 10:00:00,0.046059,0.045117,0.046248,0.044913,12109.4918779
2017-11-01 09:00:00,0.047018,0.046004,0.04708,0.046,4061.86454957
2017-11-01 08:00:00,0.047301,0.04708,0.04734,0.046948,3662.56626618
2017-11-01 07:00:00,0.047526,0.047335,0.047589,0.047226,2649.31053497
2017-11-01 06:00:00,0.047277,0.047526,0.047736,0.047261,1793.54409493
2017-11-01 05:00:00,0.047541,0.047265,0.047541,0.047217,1052.28093212
2017-11-01 04:00:00,0.047069,0.047519,0.047661,0.047069,3488.31022696
2017-11-01 03:00:00,0.047222,0.047069,0.047222,0.046919,2574.62537086
2017-11-01 02:00:00,0.0473,0.047217,0.04733,0.047114,1071.32435226
2017-11-01 01:00:00,0.047348,0.047308,0.04743,0.047086,2626.88289959
2017-11-01 00:00:00,0.047069,0.047378,0.047579,0.047069,4428.62624571
2017-10-31 23:00:00,0.047691,0.047069,0.047784,0.046714,5407.08002035
2017-10-31 22:00:00,0.04772,0.04768,0.047833,0.0475,3629.91165863
2017-10-31 21:00:00,0.047924,0.047769,0.04794,0.047625,2800.74157022
2017-10-31 20:00:00,0.048248,0.04794,0.048348,0.047866,2498.10394941
2017-10-31 19:00:00,0.048254,0.048258,0.048492,0.048153,1315.64119952
2017-10-31 18:00:00,0.048166,0.048213,0.048295,0.048111,1372.36202264
2017-10-31 17:00:00,0.048114,0.048166,0.048295,0.048006,3603.77073442
2017-10-31 16:00:00,0.048044,0.048124,0.0483,0.047959,5590.64753875
2017-10-31 15:00:00,0.047875,0.048078,0.04832,0.047827,3969.92744066
2017-10-31 14:00:00,0.04881,0.047875,0.04881,0.0475,7741.77388466
2017-10-31 13:00:00,0.049489,0.048795,0.049505,0.048795,2832.5743035
2017-10-31 12:00:00,0.049422,0.049481,0.049534,0.049295,1951.21553367
2017-10-31 11:00:00,0.049781,0.049422,0.049819,0.049401,1872.504829
2017-10-31 10:00:00,0.049952,0.049784,0.049964,0.049529,1549.01954307
2017-10-31 09:00:00,0.050194,0.049951,0.050199,0.049761,1523.72964217
2017-10-31 08:00:00,0.050291,0.050209,0.050397,0.050187,904.60769514
2017-10-31 07:00:00,0.050336,0.050292,0.050425,0.050275,716.99065149
2017-10-31 06:00:00,0.050342,0.050334,0.050365,0.0501,1960.00449763
2017-10-31 05:00:00,0.050303,0.050341,0.05084,0.050149,4438.73485098
2017-10-31 04:00:00,0.050147,0.050287,0.050483,0.050109,2033.23989687
2017-10-31 03:00:00,0.050378,0.050137,0.0504,0.050112,2557.08397297
2017-10-31 02:00:00,0.050102,0.050385,0.050463,0.05002,2514.01868311
2017-10-31 01:00:00,0.050074,0.050121,0.050165,0.049999,818.9106068
2017-10-31 00:00:00,0.050047,0.050065,0.050097,0.049922,994.67366355
2017-10-30 23:00:00,0.050014,0.050054,0.050162,0.04995,1902.88023164
2017-10-30 22:00:00,0.050055,0.049999,0.05013,0.049979,819.59269689
2017-10-30 21:00:00,0.049955,0.050036,0.0501,0.049909,970.99080386
2017-10-30 20:00:00,0.050173,0.049946,0.050173,0.049913,646.9476324
2017-10-30 19:00:00,0.049975,0.050148,0.050255,0.049936,1032.29265477
2017-10-30 18:00:00,0.050044,0.049961,0.050077,0.0499,1389.47623973
2017-10-30 17:00:00,0.050309,0.050046,0.050355,0.050046,1782.0220409
2017-10-30 16:00:00,0.050358,0.050311,0.050485,0.050229,1686.4843324
2017-10-30 15:00:00,0.050361,0.050363,0.05062,0.050297,1893.53286791
2017-10-30 14:00:00,0.050033,0.050362,0.050474,0.049829,1704.1732173
2017-10-30 13:00:00,0.050006,0.050004,0.050044,0.049342,2800.71289337
2017-10-30 12:00:00,0.050077,0.050016,0.050214,0.049851,2896.90848284
2017-10-30 11:00:00,0.04998,0.050103,0.050236,0.049723,1508.19139271
2017-10-30 10:00:00,0.050278,0.04998,0.050279,0.049773,2173.34484303
2017-10-30 09:00:00,0.050488,0.050272,0.0505,0.050056,1556.8890616
2017-10-30 08:00:00,0.050291,0.05047,0.050617,0.05,3237.99791367
2017-10-30 07:00:00,0.050358,0.050324,0.050765,0.050193,1637.77151251
2017-10-30 06:00:00,0.050189,0.050365,0.050405,0.050096,1206.62266117
2017-10-30 05:00:00,0.05007,0.050178,0.050282,0.049854,2925.51836542
2017-10-30 04:00:00,0.04997,0.050067,0.050138,0.049822,1176.8955793
2017-10-30 03:00:00,0.050093,0.050011,0.05025,0.049945,1935.86404326
2017-10-30 02:00:00,0.050193,0.050097,0.050285,0.049876,1531.6941445
2017-10-30 01:00:00,0.050146,0.050193,0.050786,0.05002,2850.77183345
2017-10-30 00:00:00,0.049489,0.050156,0.050177,0.04933,2868.58713926
2017-10-29 23:00:00,0.049499,0.049478,0.049537,0.04893,4991.73417705
2017-10-29 22:00:00,0.049313,0.049475,0.050123,0.049292,2671.41063355
2017-10-29 21:00:00,0.049613,0.04939,0.049877,0.049197,3664.40829873
2017-10-29 20:00:00,0.049998,0.049785,0.050071,0.048621,5119.34746293
2017-10-29 19:00:00,0.051531,0.049998,0.051571,0.049856,3395.32817115
2017-10-29 18:00:00,0.051659,0.051542,0.051879,0.051399,2190.11617391
2017-10-29 17:00:00,0.051456,0.051654,0.051654,0.051034,2071.49579227
2017-10-29 16:00:00,0.05138,0.051449,0.051838,0.05102,3321.70349488
2017-10-29 15:00:00,0.052924,0.051381,0.052959,0.05102,6305.07473753
2017-10-29 14:00:00,0.0529,0.052914,0.053222,0.0528,3227.75784459
2017-10-29 13:00:00,0.053573,0.0529,0.054172,0.0528,7724.76843406
2017-10-29 12:00:00,0.052901,0.053572,0.05359,0.052422,4507.31704158
2017-10-29 11:00:00,0.051199,0.052851,0.054933,0.051078,18048.2849985
2017-10-29 10:00:00,0.051381,0.051203,0.051582,0.051181,2586.10123996
2017-10-29 09:00:00,0.051257,0.051396,0.051397,0.051124,2034.47429391
2017-10-29 08:00:00,0.051189,0.051258,0.051337,0.051067,2106.28399712
2017-10-29 07:00:00,0.051269,0.051268,0.0514,0.050996,2670.4014944
2017-10-29 06:00:00,0.05119,0.051269,0.051351,0.051185,955.61509901
2017-10-29 05:00:00,0.051133,0.051176,0.051363,0.051093,777.99114851
2017-10-29 04:00:00,0.051333,0.05109,0.051463,0.05109,838.85921462
2017-10-29 03:00:00,0.051584,0.051383,0.05165,0.051329,1213.3208831
2017-10-29 02:00:00,0.051575,0.051593,0.0517,0.051482,1449.77016597
2017-10-29 01:00:00,0.051381,0.051521,0.05158,0.051328,919.75756668
2017-10-29 00:00:00,0.05133,0.051374,0.0515,0.051248,907.19453116
2017-10-28 23:00:00,0.050963,0.051333,0.051333,0.050879,1618.74175456
2017-10-28 22:00:00,0.051269,0.050963,0.051279,0.050833,1211.04256277
2017-10-28 21:00:00,0.0512,0.051274,0.051403,0.051083,764.17441158
2017-10-28 20:00:00,0.050956,0.051233,0.051304,0.050932,1223.27678067
2017-10-28 19:00:00,0.051382,0.050922,0.051434,0.050895,1109.02274771
2017-10-28 18:00:00,0.05165,0.051384,0.05167,0.051298,838.82134336
2017-10-28 17:00:00,0.051442,0.051653,0.05195,0.051381,1570.37116994
2017-10-28 16:00:00,0.051511,0.051441,0.051586,0.051375,874.7733539
2017-10-28 15:00:00,0.051725,0.051546,0.051771,0.051546,1176.83532876
2017-10-28 14:00:00,0.051742,0.051738,0.051989,0.051613,2112.19268381
2017-10-28 13:00:00,0.051225,0.051705,0.051999,0.05114,3292.18188359
2017-10-28 12:00:00,0.051417,0.051204,0.051592,0.051165,1513.84403246
2017-10-28 11:00:00,0.051188,0.051413,0.051548,0.051185,1597.29282681
2017-10-28 10:00:00,0.051073,0.051192,0.05122,0.050914,1462.17786433
2017-10-28 09:00:00,0.050858,0.051073,0.051136,0.050757,1299.38140576
2017-10-28 08:00:00,0.050819,0.050868,0.050926,0.050752,642.31514749
2017-10-28 07:00:00,0.050879,0.050848,0.050984,0.0507,936.91278951
2017-10-28 06:00:00,0.050979,0.050879,0.051,0.050803,703.84899429
2017-10-28 05:00:00,0.051056,0.05096,0.051118,0.050804,876.1345716
2017-10-28 04:00:00,0.051137,0.051076,0.051212,0.050938,1134.4940174
2017-10-28 03:00:00,0.051088,0.051089,0.051216,0.050839,1321.09736403
2017-10-28 02:00:00,0.050817,0.051088,0.051173,0.050771,802.68426893
2017-10-28 01:00:00,0.050689,0.050805,0.050863,0.050514,1944.082255
2017-10-28 00:00:00,0.051458,0.050718,0.051458,0.050421,2604.92968523
2017-10-27 23:00:00,0.05127,0.051457,0.05158,0.051216,1770.87757579
2017-10-27 22:00:00,0.0512,0.05127,0.051382,0.05117,1111.12090165
2017-10-27 21:00:00,0.051315,0.051203,0.051315,0.05116,753.68254594
2017-10-27 20:00:00,0.051328,0.051303,0.051597,0.05129,1185.54899788
2017-10-27 19:00:00,0.051501,0.051335,0.051561,0.051175,650.03336346
2017-10-27 18:00:00,0.051597,0.051505,0.051977,0.051436,1958.84544565
2017-10-27 17:00:00,0.050989,0.051586,0.051605,0.050925,2365.36638151
2017-10-27 16:00:00,0.051022,0.050975,0.051022,0.05077,986.98245184
2017-10-27 15:00:00,0.051041,0.050974,0.051251,0.05088,1715.19601849
2017-10-27 14:00:00,0.05104,0.051046,0.051168,0.050774,1362.40663059
2017-10-27 13:00:00,0.051191,0.051039,0.051498,0.050881,3264.6731221
2017-10-27 12:00:00,0.050924,0.051203,0.051523,0.050828,3057.59759395
2017-10-27 11:00:00,0.050786,0.050892,0.051219,0.05046,2704.3535697
2017-10-27 10:00:00,0.050317,0.050792,0.050989,0.050203,2835.07312309
2017-10-27 09:00:00,0.050427,0.050321,0.050457,0.050111,1620.74682516
2017-10-27 08:00:00,0.05045,0.050436,0.050589,0.050331,1207.16652555
2017-10-27 07:00:00,0.051031,0.050464,0.051083,0.050423,1998.8277285
2017-10-27 06:00:00,0.050882,0.05103,0.051213,0.050882,2405.84244782
2017-10-27 05:00:00,0.050419,0.050882,0.05098,0.050399,2109.88765121
2017-10-27 04:00:00,0.0502,0.050414,0.05042,0.050054,1109.02643035
2017-10-27 03:00:00,0.049822,0.050201,0.050245,0.049787,1339.61364551
2017-10-27 02:00:00,0.050001,0.049795,0.050051,0.049661,2039.27300932
2017-10-27 01:00:00,0.049631,0.05,0.050182,0.049631,1391.66763353
2017-10-27 00:00:00,0.050043,0.04965,0.050312,0.049545,1575.3987015
2017-10-26 23:00:00,0.050233,0.050012,0.050297,0.04996,1329.50399844
2017-10-26 22:00:00,0.050586,0.050213,0.05084,0.049824,1761.16956991
2017-10-26 21:00:00,0.05049,0.050587,0.050828,0.050327,1814.04428831
2017-10-26 20:00:00,0.04995,0.050549,0.050549,0.049901,1483.39071127
2017-10-26 19:00:00,0.050101,0.049979,0.0504,0.04994,1972.95480061
2017-10-26 18:00:00,0.049587,0.050073,0.050171,0.049543,4982.85401277
2017-10-26 17:00:00,0.04986,0.0496,0.049913,0.04949,2726.43573016
2017-10-26 16:00:00,0.049967,0.049856,0.050065,0.04923,3247.30665216
2017-10-26 15:00:00,0.050064,0.049946,0.05012,0.049903,2812.87024632
2017-10-26 14:00:00,0.050289,0.050064,0.0503,0.050001,2108.81169253
2017-10-26 13:00:00,0.050244,0.050236,0.05032,0.05,4471.10084483
2017-10-26 12:00:00,0.050902,0.05029,0.050902,0.05009,5083.27318186
2017-10-26 11:00:00,0.051832,0.050913,0.051838,0.050913,2232.91158079
2017-10-26 10:00:00,0.051742,0.05188,0.051952,0.051626,1179.60072348
2017-10-26 09:00:00,0.05166,0.051741,0.05188,0.051561,2013.89835516
2017-10-26 08:00:00,0.051558,0.05166,0.051696,0.051505,833.27080513
2017-10-26 07:00:00,0.051668,0.05153,0.051887,0.051528,633.62223803
2017-10-26 06:00:00,0.051757,0.05167,0.052,0.051619,836.81322407
2017-10-26 05:00:00,0.051773,0.051773,0.051878,0.051491,826.84341789
2017-10-26 04:00:00,0.051647,0.051775,0.051784,0.051561,902.48489841
2017-10-26 03:00:00,0.052009,0.051584,0.052055,0.051519,1144.00960529
2017-10-26 02:00:00,0.051988,0.051989,0.0521,0.051688,760.36181569
2017-10-26 01:00:00,0.051572,0.051993,0.052,0.051304,2581.69778604
2017-10-26 00:00:00,0.051639,0.051545,0.051909,0.051266,4477.25787951
2017-10-25 23:00:00,0.05219,0.051563,0.052426,0.051298,4187.16371658
2017-10-25 22:00:00,0.052169,0.052252,0.052353,0.05205,2548.21765944
2017-10-25 21:00:00,0.052351,0.052168,0.052407,0.052027,2737.50314172
2017-10-25 20:00:00,0.053074,0.052371,0.053142,0.052272,2408.32581002
2017-10-25 19:00:00,0.053518,0.053032,0.053765,0.053014,1112.54600722
2017-10-25 18:00:00,0.05347,0.053499,0.053582,0.053215,905.86243119
2017-10-25 17:00:00,0.053393,0.05347,0.053971,0.053152,1544.44542979
2017-10-25 16:00:00,0.053526,0.053362,0.053636,0.053136,1646.08121701
2017-10-25 15:00:00,0.053583,0.053482,0.054,0.053276,3170.93265386
2017-10-25 14:00:00,0.053398,0.05358,0.053662,0.053176,2051.56016717
2017-10-25 13:00:00,0.05349,0.05339,0.053726,0.053271,1571.68706234
2017-10-25 12:00:00,0.053264,0.053467,0.053644,0.053264,1393.40985889
2017-10-25 11:00:00,0.052589,0.053283,0.0535,0.052513,2503.76104701
2017-10-25 10:00:00,0.052905,0.052584,0.052925,0.052322,4152.14249132
2017-10-25 09:00:00,0.053131,0.052936,0.053423,0.0529,1678.45525382
2017-10-25 08:00:00,0.053654,0.053129,0.053656,0.053038,2494.35972671
2017-10-25 07:00:00,0.05388,0.053632,0.054298,0.053536,2235.6668125
2017-10-25 06:00:00,0.053571,0.053902,0.053958,0.053571,768.35570895
2017-10-25 05:00:00,0.053374,0.053515,0.053639,0.053315,695.28482225
2017-10-25 04:00:00,0.053356,0.053374,0.05356,0.053268,2257.53204935
2017-10-25 03:00:00,0.053777,0.053316,0.053832,0.053137,1772.64110005
2017-10-25 02:00:00,0.053875,0.053782,0.054146,0.053422,2675.87409518
2017-10-25 01:00:00,0.053851,0.053886,0.054388,0.053669,1853.57786101
2017-10-25 00:00:00,0.053811,0.053823,0.053996,0.053656,1934.39772856
2017-10-24 23:00:00,0.0538,0.053846,0.053968,0.053552,1924.71625586
2017-10-24 22:00:00,0.054382,0.053748,0.054446,0.053051,4673.95744324
2017-10-24 21:00:00,0.05413,0.05438,0.054688,0.054002,3058.89709177
2017-10-24 20:00:00,0.053847,0.054129,0.054391,0.0536,4225.9690103
2017-10-24 19:00:00,0.053436,0.053846,0.054024,0.05333,1440.92321554
2017-10-24 18:00:00,0.053134,0.053293,0.053524,0.053038,1562.80548246
2017-10-24 17:00:00,0.053097,0.053101,0.053183,0.0529,2109.5130307
2017-10-24 16:00:00,0.054418,0.053098,0.054429,0.052784,3383.22346832
2017-10-24 15:00:00,0.054789,0.0544,0.054789,0.054287,4296.33678007
2017-10-24 14:00:00,0.0549,0.054796,0.055274,0.054656,5116.8904506
2017-10-24 13:00:00,0.0543,0.054916,0.055012,0.054141,5665.28940083
2017-10-24 12:00:00,0.054296,0.0543,0.054719,0.054,8514.86231801
2017-10-24 11:00:00,0.054139,0.054318,0.054462,0.054003,1984.10387097
2017-10-24 10:00:00,0.054314,0.05405,0.0546,0.054022,4386.00646473
2017-10-24 09:00:00,0.053375,0.05439,0.055,0.053295,5875.50988836
2017-10-24 08:00:00,0.053208,0.053378,0.05348,0.053,2026.33905092
2017-10-24 07:00:00,0.05347,0.053209,0.05354,0.052879,3831.81123764
2017-10-24 06:00:00,0.053957,0.05347,0.053999,0.053271,2736.05952509
2017-10-24 05:00:00,0.054171,0.05393,0.054266,0.05375,4600.960841
2017-10-24 04:00:00,0.053169,0.05417,0.054395,0.053168,4187.58314174
2017-10-24 03:00:00,0.054064,0.053154,0.054221,0.053042,8227.18953837
2017-10-24 02:00:00,0.053545,0.054057,0.055988,0.05352,19522.6747164
2017-10-24 01:00:00,0.048768,0.053544,0.0544,0.04836,23809.061539
2017-10-24 00:00:00,0.04831,0.048745,0.049177,0.048227,9123.34396858
2017-10-23 23:00:00,0.048451,0.04831,0.048733,0.047902,6636.73848147
2017-10-23 22:00:00,0.048275,0.048493,0.0488,0.04788,6982.02612719
2017-10-23 21:00:00,0.047656,0.04831,0.048398,0.047459,5201.53373784
2017-10-23 20:00:00,0.0477,0.047668,0.04779,0.047421,5472.70360778
2017-10-23 19:00:00,0.048363,0.0477,0.0484,0.0477,5575.67535602
2017-10-23 18:00:00,0.048401,0.04839,0.048402,0.048201,3270.48451697
2017-10-23 17:00:00,0.048248,0.048383,0.0485,0.048248,4290.18741568
2017-10-23 16:00:00,0.048249,0.048262,0.0485,0.048125,2434.67414354
2017-10-23 15:00:00,0.048545,0.048239,0.048807,0.048115,5979.24303351
2017-10-23 14:00:00,0.0484,0.048599,0.04876,0.0484,3572.8379542
2017-10-23 13:00:00,0.048702,0.0484,0.048871,0.0484,20918.1359928
2017-10-23 12:00:00,0.048692,0.048687,0.048889,0.048608,5003.46537341
2017-10-23 11:00:00,0.04864,0.04866,0.0488,0.048638,4390.37382835
2017-10-23 10:00:00,0.04877,0.04864,0.04877,0.048639,3773.66561579
2017-10-23 09:00:00,0.048622,0.04877,0.049355,0.048474,7086.34880236
2017-10-23 08:00:00,0.048581,0.048622,0.048997,0.04842,3495.50653917
2017-10-23 07:00:00,0.048823,0.048636,0.048899,0.048432,2563.22067451
2017-10-23 06:00:00,0.048719,0.048821,0.048978,0.048001,3182.14583238
2017-10-23 05:00:00,0.048557,0.048747,0.048887,0.048,3667.72059571
2017-10-23 04:00:00,0.048909,0.048555,0.049143,0.0485,2934.30951933
2017-10-23 03:00:00,0.048934,0.048953,0.049184,0.048799,1959.35445861
2017-10-23 02:00:00,0.048722,0.048923,0.048983,0.048567,658.97608038
2017-10-23 01:00:00,0.049129,0.048729,0.049209,0.048606,1251.56883936
2017-10-23 00:00:00,0.04911,0.049204,0.049349,0.048958,1600.32240258
2017-10-22 23:00:00,0.049383,0.049053,0.049519,0.0489,6561.33917856
2017-10-22 22:00:00,0.049788,0.049338,0.05,0.04922,2179.83971763
2017-10-22 21:00:00,0.049645,0.049788,0.049841,0.049452,1749.16155764
2017-10-22 20:00:00,0.04966,0.049664,0.049704,0.049284,1368.39460647
2017-10-22 19:00:00,0.049573,0.0497,0.049789,0.049472,1103.70511099
2017-10-22 18:00:00,0.049009,0.049516,0.049516,0.0489,3907.72787507
2017-10-22 17:00:00,0.049324,0.049031,0.049579,0.04875,5852.15335791
2017-10-22 16:00:00,0.049225,0.049324,0.049469,0.049012,1135.25459275
2017-10-22 15:00:00,0.049509,0.049225,0.049625,0.048999,2324.2385265
2017-10-22 14:00:00,0.050572,0.049481,0.050649,0.049423,4800.40363033
2017-10-22 13:00:00,0.050197,0.050549,0.050713,0.050177,2805.38838065
2017-10-22 12:00:00,0.050463,0.0502,0.050564,0.049955,3202.8758312
2017-10-22 11:00:00,0.050506,0.050397,0.050941,0.050325,2655.15636459
2017-10-22 10:00:00,0.050519,0.050462,0.050529,0.050252,1944.90476573
2017-10-22 09:00:00,0.050018,0.050526,0.05054,0.049951,3481.90770735
2017-10-22 08:00:00,0.049779,0.050017,0.050063,0.049779,1414.45975855
2017-10-22 07:00:00,0.05044,0.04978,0.05044,0.049407,1837.95517707
2017-10-22 06:00:00,0.050569,0.050424,0.050903,0.0504,2605.32057537
2017-10-22 05:00:00,0.051163,0.050555,0.051264,0.0503,3370.8700544
2017-10-22 04:00:00,0.050682,0.051204,0.05125,0.050629,2200.09130369
2017-10-22 03:00:00,0.051255,0.05069,0.05145,0.050634,1872.13255061
2017-10-22 02:00:00,0.050433,0.051249,0.051359,0.05031,2547.42855835
2017-10-22 01:00:00,0.049729,0.050315,0.0505,0.049694,2784.7841604
2017-10-22 00:00:00,0.049853,0.049712,0.050136,0.049549,1397.0693316
2017-10-21 23:00:00,0.049502,0.049852,0.050157,0.049317,1595.22128717
2017-10-21 22:00:00,0.049504,0.049351,0.049856,0.049267,1416.61711878
2017-10-21 21:00:00,0.048711,0.049503,0.0496,0.048601,4077.87213849
2017-10-21 20:00:00,0.04928,0.048712,0.049328,0.048613,4545.16455812
2017-10-21 19:00:00,0.049158,0.049293,0.049387,0.049048,1071.09998921
2017-10-21 18:00:00,0.049433,0.049145,0.049876,0.049145,3615.18454233
2017-10-21 17:00:00,0.04795,0.049432,0.050141,0.0479,8819.94994293
2017-10-21 16:00:00,0.047359,0.047951,0.04834,0.047147,6272.24771607
2017-10-21 15:00:00,0.04795,0.04736,0.047995,0.047136,8178.79586036
2017-10-21 14:00:00,0.048257,0.04795,0.048265,0.0477,3194.59289619
2017-10-21 13:00:00,0.048309,0.048264,0.048377,0.0479,2275.46386503
2017-10-21 12:00:00,0.0483,0.04831,0.0485,0.047746,5629.96111317
2017-10-21 11:00:00,0.048508,0.048305,0.048553,0.048,6325.11102775
2017-10-21 10:00:00,0.048725,0.048509,0.048824,0.0485,2678.21484119
2017-10-21 09:00:00,0.048844,0.048723,0.049087,0.048712,1374.40290044
2017-10-21 08:00:00,0.048778,0.048826,0.049085,0.0486,4615.730567
2017-10-21 07:00:00,0.04925,0.048765,0.049254,0.04875,2817.36485523
2017-10-21 06:00:00,0.049102,0.049253,0.049641,0.048782,3986.95171294
2017-10-21 05:00:00,0.04911,0.049119,0.0497,0.04902,5925.1408892
2017-10-21 04:00:00,0.049198,0.04911,0.04923,0.048529,5275.26574115
2017-10-21 03:00:00,0.049507,0.049168,0.0497,0.049048,2879.25744115
2017-10-21 02:00:00,0.049599,0.049502,0.04964,0.04937,2315.3283866
2017-10-21 01:00:00,0.05068,0.0496,0.050757,0.049499,11850.1411775
2017-10-21 00:00:00,0.050523,0.050736,0.050966,0.050459,2962.36169361
2017-10-20 23:00:00,0.050634,0.050522,0.050958,0.050011,4563.50933198
2017-10-20 22:00:00,0.050983,0.05062,0.051139,0.050607,1363.91695458
2017-10-20 21:00:00,0.051118,0.051023,0.051192,0.050655,2705.72859097
2017-10-20 20:00:00,0.050453,0.051173,0.051251,0.050011,6409.42178955
2017-10-20 19:00:00,0.051407,0.050453,0.051541,0.05035,3900.53570431
2017-10-20 18:00:00,0.05151,0.051463,0.051544,0.051201,4190.26974749
2017-10-20 17:00:00,0.051424,0.051544,0.051909,0.051409,2974.35931359
2017-10-20 16:00:00,0.05204,0.051405,0.05225,0.0511,14140.9467168
2017-10-20 15:00:00,0.051968,0.052023,0.052254,0.051305,8742.93501668
2017-10-20 14:00:00,0.053963,0.051965,0.054021,0.0513,11630.6870344
2017-10-20 13:00:00,0.053978,0.053963,0.054114,0.053879,2539.71228939
2017-10-20 12:00:00,0.053844,0.053979,0.054029,0.053777,1085.91702397
2017-10-20 11:00:00,0.053705,0.053853,0.054,0.053691,1362.59370819
2017-10-20 10:00:00,0.053813,0.053704,0.054,0.05367,972.24251018
2017-10-20 09:00:00,0.053805,0.053828,0.053997,0.053706,1218.06924031
2017-10-20 08:00:00,0.054002,0.053822,0.054012,0.053651,1716.383436
2017-10-20 07:00:00,0.054201,0.054016,0.05422,0.053907,1030.24805149
2017-10-20 06:00:00,0.05402,0.054201,0.054371,0.053983,1537.78175279
2017-10-20 05:00:00,0.053982,0.054056,0.05436,0.053938,1412.26210685
2017-10-20 04:00:00,0.054094,0.054022,0.054158,0.053926,1219.38828495
2017-10-20 03:00:00,0.054095,0.054099,0.054274,0.054011,1146.23795488
2017-10-20 02:00:00,0.053989,0.054094,0.054123,0.053973,1146.00384657
2017-10-20 01:00:00,0.054002,0.053986,0.054157,0.05382,1132.81733556
2017-10-20 00:00:00,0.053871,0.053987,0.054233,0.053847,1527.04638167
2017-10-19 23:00:00,0.054022,0.053882,0.054058,0.053823,817.00996476
2017-10-19 22:00:00,0.053927,0.054023,0.054072,0.0536,1355.0772389
2017-10-19 21:00:00,0.053819,0.053938,0.054095,0.053724,1572.60330709
2017-10-19 20:00:00,0.054486,0.053853,0.054499,0.0538,2118.95199885
2017-10-19 19:00:00,0.054203,0.054486,0.05458,0.053711,1636.22027316
2017-10-19 18:00:00,0.054288,0.054161,0.054494,0.05414,1322.10704689
2017-10-19 17:00:00,0.05453,0.054299,0.0546,0.0542,1084.90797816
2017-10-19 16:00:00,0.054557,0.054511,0.054908,0.053884,4065.32588187
2017-10-19 15:00:00,0.054826,0.05453,0.0549,0.05406,5226.08721332
2017-10-19 14:00:00,0.053704,0.054764,0.054926,0.053535,4856.81638323
2017-10-19 13:00:00,0.054125,0.053701,0.054148,0.053587,2202.82125851
2017-10-19 12:00:00,0.053851,0.054056,0.054153,0.05375,1802.8832168
2017-10-19 11:00:00,0.054099,0.05385,0.054207,0.05375,3717.13810172
2017-10-19 10:00:00,0.054304,0.054093,0.054465,0.053875,5143.39159817
2017-10-19 09:00:00,0.05476,0.05436,0.0549,0.05425,2148.5718358
2017-10-19 08:00:00,0.054775,0.05476,0.054853,0.0546,1053.57332155
2017-10-19 07:00:00,0.054902,0.054818,0.05514,0.054768,1801.86053136
2017-10-19 06:00:00,0.054906,0.054902,0.054948,0.05449,2285.46811572
2017-10-19 05:00:00,0.05533,0.054924,0.055408,0.05489,3641.35955793
2017-10-19 04:00:00,0.055439,0.05533,0.055599,0.05517,1048.33782264
2017-10-19 03:00:00,0.055683,0.055521,0.055781,0.055376,661.87593601
2017-10-19 02:00:00,0.056151,0.05566,0.056151,0.055658,796.82896563
2017-10-19 01:00:00,0.056204,0.056166,0.056362,0.0559,1420.0005015
2017-10-19 00:00:00,0.056262,0.056204,0.0564,0.056004,2150.41977125
2017-10-18 23:00:00,0.055952,0.056236,0.056309,0.055661,952.59290203
2017-10-18 22:00:00,0.05582,0.055951,0.05625,0.055688,1434.43311238
2017-10-18 21:00:00,0.055605,0.055862,0.055989,0.05551,1761.09068621
2017-10-18 20:00:00,0.055922,0.055625,0.056145,0.055625,1274.99584686
2017-10-18 19:00:00,0.056048,0.055914,0.0565,0.055636,1666.90445473
2017-10-18 18:00:00,0.056181,0.056025,0.056181,0.055801,2041.9144018
2017-10-18 17:00:00,0.05666,0.056194,0.056722,0.05602,2626.17257427
2017-10-18 16:00:00,0.056983,0.056659,0.057304,0.056626,2351.6322585
2017-10-18 15:00:00,0.056575,0.056997,0.05768,0.056425,4143.5460819
2017-10-18 14:00:00,0.056146,0.056577,0.056751,0.056042,6125.13870281
2017-10-18 13:00:00,0.056453,0.056148,0.056688,0.055825,2586.92584523
2017-10-18 12:00:00,0.056229,0.05644,0.05653,0.055933,2044.82902153
2017-10-18 11:00:00,0.056392,0.056142,0.056708,0.056117,2245.09847611
2017-10-18 10:00:00,0.056272,0.056392,0.05653,0.056173,1492.39452278
2017-10-18 09:00:00,0.056148,0.056283,0.056431,0.055953,1519.75219763
2017-10-18 08:00:00,0.056844,0.056161,0.057198,0.05603,3851.84574068
2017-10-18 07:00:00,0.056813,0.056826,0.057183,0.056312,4100.93345558
2017-10-18 06:00:00,0.056619,0.056737,0.056935,0.05618,3485.29454732
2017-10-18 05:00:00,0.056495,0.056619,0.056986,0.056304,1238.39624264
2017-10-18 04:00:00,0.055858,0.056496,0.0565,0.055724,1632.28340725
2017-10-18 03:00:00,0.055895,0.055836,0.056293,0.055631,1381.23492587
2017-10-18 02:00:00,0.056335,0.055849,0.056512,0.05577,2273.17195633
2017-10-18 01:00:00,0.056712,0.056334,0.056892,0.056064,1789.23385298
2017-10-18 00:00:00,0.056435,0.056712,0.056925,0.056377,1645.34665434
2017-10-17 23:00:00,0.055945,0.056442,0.056856,0.0557,1896.10185061
2017-10-17 22:00:00,0.056335,0.055952,0.056338,0.05575,2319.56315129
2017-10-17 21:00:00,0.056529,0.056285,0.0566,0.0561,1469.47008363
2017-10-17 20:00:00,0.057197,0.056498,0.057366,0.056039,5641.49737882
2017-10-17 19:00:00,0.057399,0.0572,0.057618,0.057133,1547.11963798
2017-10-17 18:00:00,0.056907,0.0574,0.057425,0.056833,1248.30733652
2017-10-17 17:00:00,0.056869,0.056908,0.057125,0.056251,3237.76625496
2017-10-17 16:00:00,0.057233,0.05687,0.057597,0.05675,2750.36608752
2017-10-17 15:00:00,0.057737,0.057261,0.0578,0.057152,3952.97614982
2017-10-17 14:00:00,0.057794,0.057724,0.057889,0.057511,1600.16912981
2017-10-17 13:00:00,0.057987,0.057774,0.05801,0.057733,1138.21810146
2017-10-17 12:00:00,0.057998,0.057991,0.058482,0.05792,2538.24781425
2017-10-17 11:00:00,0.058028,0.057974,0.058346,0.0577,5448.23816922
2017-10-17 10:00:00,0.057915,0.058029,0.058113,0.057755,1478.11518844
2017-10-17 09:00:00,0.058139,0.057935,0.05815,0.057836,1817.94224409
2017-10-17 08:00:00,0.058,0.058132,0.0584,0.057985,2975.08015248
2017-10-17 07:00:00,0.057785,0.058,0.058113,0.057712,1855.77511709
2017-10-17 06:00:00,0.058077,0.057847,0.058117,0.0577,1876.55998935
2017-10-17 05:00:00,0.057969,0.058015,0.058295,0.057838,1170.23372397
2017-10-17 04:00:00,0.058187,0.057969,0.058379,0.057967,1362.86137993
2017-10-17 03:00:00,0.058225,0.058349,0.0584,0.058001,1431.09878456
2017-10-17 02:00:00,0.058501,0.058229,0.058517,0.05798,1537.02567061
2017-10-17 01:00:00,0.057794,0.058522,0.058881,0.057777,3270.29881409
2017-10-17 00:00:00,0.0579,0.057793,0.058024,0.057745,972.91711478
2017-10-16 23:00:00,0.05882,0.057894,0.058825,0.0577,3946.86851538
2017-10-16 22:00:00,0.058966,0.058824,0.059,0.058708,1280.18159325
2017-10-16 21:00:00,0.058483,0.058974,0.059009,0.058281,964.10192709
2017-10-16 20:00:00,0.058467,0.05848,0.058597,0.058281,1612.63677825
2017-10-16 19:00:00,0.058667,0.05855,0.058838,0.058002,3556.89439172
2017-10-16 18:00:00,0.059412,0.058676,0.059507,0.058562,2464.38611284
2017-10-16 17:00:00,0.059546,0.059412,0.059622,0.059336,1193.2556669
2017-10-16 16:00:00,0.0597,0.059531,0.059797,0.05931,4066.71300437
2017-10-16 15:00:00,0.060099,0.059697,0.0604,0.059588,2463.86723282
2017-10-16 14:00:00,0.060228,0.0601,0.060369,0.059977,1814.31269065
2017-10-16 13:00:00,0.05966,0.06018,0.06041,0.059,4845.31904704
2017-10-16 12:00:00,0.059241,0.059647,0.05981,0.059103,3257.54857104
2017-10-16 11:00:00,0.060467,0.059269,0.0605,0.0591,3187.82493558
2017-10-16 10:00:00,0.059909,0.060457,0.0605,0.05982,2558.99033644
2017-10-16 09:00:00,0.060546,0.059909,0.060761,0.0598,1673.94667776
2017-10-16 08:00:00,0.0605,0.060541,0.060755,0.0601,1592.22744019
2017-10-16 07:00:00,0.060769,0.0605,0.0608,0.059821,3219.04434359
2017-10-16 06:00:00,0.061771,0.060769,0.062214,0.060768,5264.31950195
2017-10-16 05:00:00,0.061103,0.061799,0.062214,0.05951,15457.8969135
2017-10-16 04:00:00,0.061312,0.0611,0.061416,0.0611,2469.42144083
2017-10-16 03:00:00,0.061106,0.06142,0.06142,0.06057,4739.88900534
2017-10-16 02:00:00,0.06025,0.061083,0.061263,0.0602,6142.36418305
2017-10-16 01:00:00,0.059277,0.060232,0.060341,0.059277,1935.78615848
2017-10-16 00:00:00,0.059078,0.059226,0.059328,0.058891,1355.2202104
2017-10-15 23:00:00,0.059149,0.059103,0.059242,0.058552,2314.50163266
2017-10-15 22:00:00,0.059983,0.059164,0.059983,0.059026,1759.91849779
2017-10-15 21:00:00,0.059663,0.059871,0.06035,0.059639,1979.1121845
2017-10-15 20:00:00,0.059574,0.0597,0.059899,0.05948,1323.5834669
2017-10-15 19:00:00,0.059444,0.059652,0.05981,0.059379,1434.17884168
2017-10-15 18:00:00,0.059722,0.059492,0.059759,0.059333,1272.25314322
2017-10-15 17:00:00,0.059323,0.059721,0.059992,0.059264,3210.84907875
2017-10-15 16:00:00,0.060319,0.05935,0.060392,0.059282,2955.37919189
2017-10-15 15:00:00,0.05939,0.060319,0.060398,0.059336,3081.92253595
2017-10-15 14:00:00,0.058574,0.05933,0.059677,0.058565,2766.71089527
2017-10-15 13:00:00,0.058794,0.058576,0.058943,0.05831,1755.17059621
2017-10-15 12:00:00,0.058833,0.0588,0.058876,0.058482,3136.69447523
2017-10-15 11:00:00,0.058291,0.05873,0.058892,0.05826,3235.80371362
2017-10-15 10:00:00,0.058042,0.058363,0.05849,0.057511,5843.5365516
2017-10-15 09:00:00,0.0596,0.058032,0.0603,0.058032,5480.52101247
2017-10-15 08:00:00,0.058752,0.0596,0.060825,0.0587,6332.31244477
2017-10-15 07:00:00,0.058858,0.058746,0.058997,0.058377,2272.08033557
2017-10-15 06:00:00,0.05856,0.05886,0.05901,0.058295,2852.05030812
2017-10-15 05:00:00,0.05901,0.058578,0.059132,0.058554,2390.48413824
2017-10-15 04:00:00,0.0584,0.059009,0.0592,0.058197,4173.82932382
2017-10-15 03:00:00,0.057577,0.058353,0.058646,0.05746,4007.99677039
2017-10-15 02:00:00,0.057768,0.05758,0.057895,0.057499,4023.06893029
2017-10-15 01:00:00,0.058488,0.057723,0.058725,0.057647,3336.15461462
2017-10-15 00:00:00,0.058054,0.058556,0.058799,0.057876,2429.13930538
2017-10-14 23:00:00,0.059716,0.058049,0.059806,0.057511,5787.76593377
2017-10-14 22:00:00,0.060287,0.059708,0.060317,0.0597,1095.30049084
2017-10-14 21:00:00,0.060276,0.060365,0.060619,0.060161,1035.51234549
2017-10-14 20:00:00,0.060303,0.060244,0.06042,0.060139,855.84326609
2017-10-14 19:00:00,0.060072,0.060313,0.060788,0.059957,2144.66930653
2017-10-14 18:00:00,0.059692,0.060047,0.060434,0.059471,3708.51821115
2017-10-14 17:00:00,0.059895,0.059674,0.059936,0.059512,3662.19151646
2017-10-14 16:00:00,0.059944,0.059917,0.060815,0.059712,6428.58317721
2017-10-14 15:00:00,0.059389,0.059982,0.059988,0.059259,2875.16311868
2017-10-14 14:00:00,0.059779,0.05939,0.060202,0.059245,2230.16670002
2017-10-14 13:00:00,0.059776,0.059781,0.060034,0.059616,2403.14226006
2017-10-14 12:00:00,0.059702,0.059777,0.059907,0.059097,2183.82226624
2017-10-14 11:00:00,0.059978,0.059724,0.059978,0.05857,7789.08022126
2017-10-14 10:00:00,0.0617,0.059982,0.061785,0.059585,3133.5978983
2017-10-14 09:00:00,0.061605,0.061644,0.061936,0.061492,1876.73199681
2017-10-14 08:00:00,0.061488,0.061515,0.06164,0.061028,2295.50378728
2017-10-14 07:00:00,0.060989,0.061488,0.061635,0.060881,2520.09330269
2017-10-14 06:00:00,0.060923,0.060922,0.061377,0.06089,2771.02896232
2017-10-14 05:00:00,0.060398,0.060906,0.061,0.060344,2844.57507245
2017-10-14 04:00:00,0.05992,0.060387,0.060585,0.059824,3349.86161751
2017-10-14 03:00:00,0.059334,0.059869,0.059909,0.059259,1186.13938252
2017-10-14 02:00:00,0.059721,0.059334,0.05989,0.059,1926.9661625
2017-10-14 01:00:00,0.059866,0.059701,0.060133,0.059637,1894.85564067
2017-10-14 00:00:00,0.059761,0.059869,0.059999,0.0594,1734.51829442
2017-10-13 23:00:00,0.060173,0.059896,0.0602,0.059604,1916.68843623
2017-10-13 22:00:00,0.060856,0.060216,0.060998,0.060104,2796.52445
2017-10-13 21:00:00,0.059877,0.060855,0.060905,0.059502,2396.64789612
2017-10-13 20:00:00,0.061712,0.059883,0.061715,0.059453,2853.01723361
2017-10-13 19:00:00,0.060571,0.061504,0.062489,0.060571,4408.26051499
2017-10-13 18:00:00,0.059714,0.060563,0.060943,0.059585,3045.93842235
2017-10-13 17:00:00,0.060285,0.059718,0.060471,0.05905,4250.89193899
2017-10-13 16:00:00,0.05903,0.060285,0.060586,0.05903,3461.54383624
2017-10-13 15:00:00,0.05948,0.058983,0.059668,0.0583,3209.92534162
2017-10-13 14:00:00,0.060393,0.05948,0.060394,0.0582,8432.5764964
2017-10-13 13:00:00,0.06118,0.060394,0.062419,0.060393,20403.8570859
2017-10-13 12:00:00,0.058377,0.061177,0.061695,0.058337,10015.5398865
2017-10-13 11:00:00,0.057149,0.058382,0.058732,0.057122,5211.01334263
2017-10-13 10:00:00,0.05699,0.057148,0.057452,0.056836,5465.51972623
2017-10-13 09:00:00,0.057195,0.057,0.058039,0.056953,2631.04064516
2017-10-13 08:00:00,0.057847,0.05715,0.058424,0.055606,6651.6726768
2017-10-13 07:00:00,0.059189,0.057755,0.059707,0.056901,8815.55236605
2017-10-13 06:00:00,0.056988,0.059178,0.06,0.056757,10653.6235895
2017-10-13 05:00:00,0.052991,0.057046,0.057046,0.052991,10075.4440668
2017-10-13 04:00:00,0.052744,0.053041,0.053088,0.051865,9696.2736214
2017-10-13 03:00:00,0.052831,0.052742,0.053609,0.05224,6033.53937446
2017-10-13 02:00:00,0.054507,0.052795,0.05452,0.05083,15613.4760284
2017-10-13 01:00:00,0.05582,0.054528,0.0559,0.054519,5464.97376494
2017-10-13 00:00:00,0.055654,0.055794,0.056519,0.054923,8873.56674761
2017-10-12 23:00:00,0.057146,0.055641,0.057275,0.055609,11160.4734258
2017-10-12 22:00:00,0.05776,0.057098,0.05776,0.057,3732.41238312
2017-10-12 21:00:00,0.05697,0.05776,0.058742,0.05695,6607.50327364
2017-10-12 20:00:00,0.057541,0.05697,0.057575,0.056701,3146.66546617
2017-10-12 19:00:00,0.056826,0.05758,0.057748,0.0568,2749.93511258
2017-10-12 18:00:00,0.057776,0.056822,0.058679,0.05673,5465.89693389
2017-10-12 17:00:00,0.056747,0.057755,0.05789,0.056431,7425.44927804
2017-10-12 16:00:00,0.057761,0.056701,0.057809,0.055952,15228.7226243
2017-10-12 15:00:00,0.0589,0.05771,0.058937,0.05771,3308.80506472
2017-10-12 14:00:00,0.059083,0.058899,0.059104,0.05884,1644.77399856
2017-10-12 13:00:00,0.058847,0.059082,0.059112,0.058641,3580.58248303
2017-10-12 12:00:00,0.0591,0.058825,0.05918,0.05862,3153.54385523
2017-10-12 11:00:00,0.059158,0.0591,0.059176,0.05825,8509.93552518
2017-10-12 10:00:00,0.05953,0.059155,0.059981,0.059,5830.9578305
2017-10-12 09:00:00,0.0596,0.059509,0.060091,0.05909,3197.1855078
2017-10-12 08:00:00,0.06091,0.059653,0.06091,0.058959,8239.70343331
2017-10-12 07:00:00,0.062354,0.060906,0.06245,0.0609,4977.44641737
2017-10-12 06:00:00,0.062726,0.062326,0.06281,0.062302,2572.11490153
2017-10-12 05:00:00,0.063499,0.062773,0.0635,0.062749,2034.9604671
2017-10-12 04:00:00,0.063199,0.0635,0.06364,0.063185,1870.67649141
2017-10-12 03:00:00,0.063062,0.0632,0.06329,0.062964,2319.24099701
2017-10-12 02:00:00,0.063,0.063071,0.0635,0.062978,2368.87966767
2017-10-12 01:00:00,0.06266,0.063,0.063065,0.06257,1737.06169426
2017-10-12 00:00:00,0.06288,0.06266,0.062987,0.062656,1195.53009462
2017-10-11 23:00:00,0.06278,0.06286,0.063,0.06272,1000.58097991
2017-10-11 22:00:00,0.062711,0.062779,0.06278,0.062606,1292.13311241
2017-10-11 21:00:00,0.06257,0.062711,0.062889,0.0625,1217.87924382
2017-10-11 20:00:00,0.062505,0.0626,0.062729,0.062323,1631.49521935
2017-10-11 19:00:00,0.062553,0.062505,0.062683,0.0621,2130.26278778
2017-10-11 18:00:00,0.062121,0.06257,0.06286,0.062121,2146.15020157
2017-10-11 17:00:00,0.061967,0.062121,0.062275,0.061967,1586.56129983
2017-10-11 16:00:00,0.061967,0.061979,0.061994,0.061666,1561.33126904
2017-10-11 15:00:00,0.062798,0.061982,0.062817,0.061805,2664.53559679
2017-10-11 14:00:00,0.062879,0.06276,0.06305,0.0626,1719.6817155
2017-10-11 13:00:00,0.063132,0.0629,0.063343,0.062351,3446.267043
2017-10-11 12:00:00,0.062663,0.063111,0.063758,0.062662,2491.71102358
2017-10-11 11:00:00,0.062177,0.062635,0.06275,0.061892,1649.04389771
2017-10-11 10:00:00,0.061924,0.062226,0.062226,0.061775,1879.89909872
2017-10-11 09:00:00,0.062476,0.06192,0.06249,0.06192,1471.82818085
2017-10-11 08:00:00,0.06284,0.062485,0.062889,0.062315,1000.58028815
2017-10-11 07:00:00,0.063252,0.062875,0.06335,0.062805,1435.71763048
2017-10-11 06:00:00,0.06343,0.063326,0.063442,0.063257,1101.43209212
2017-10-11 05:00:00,0.063496,0.06343,0.06356,0.06325,1815.18989872
2017-10-11 04:00:00,0.063507,0.06348,0.063612,0.06342,1167.62182593
2017-10-11 03:00:00,0.063042,0.063504,0.063577,0.063,1345.03631565
2017-10-11 02:00:00,0.063117,0.063089,0.063261,0.063,1129.69320688
2017-10-11 01:00:00,0.063188,0.0631,0.063278,0.06298,894.91343948
2017-10-11 00:00:00,0.062729,0.06317,0.063599,0.062725,2279.42531216
2017-10-10 23:00:00,0.062483,0.06273,0.062999,0.062322,1344.99702283
2017-10-10 22:00:00,0.061999,0.062459,0.062995,0.061964,4137.73164745
2017-10-10 21:00:00,0.061422,0.061999,0.062,0.06142,3495.62695079
2017-10-10 20:00:00,0.061283,0.06142,0.0615,0.061118,2302.78772562
2017-10-10 19:00:00,0.061952,0.061298,0.06213,0.060997,6143.25469728
2017-10-10 18:00:00,0.06172,0.061953,0.06204,0.061106,3500.16638027
2017-10-10 17:00:00,0.062919,0.061723,0.062937,0.06148,5705.816955
2017-10-10 16:00:00,0.063412,0.062919,0.06351,0.0629,3027.21369212
2017-10-10 15:00:00,0.06352,0.063434,0.063532,0.063202,2892.44201063
2017-10-10 14:00:00,0.06305,0.06352,0.063693,0.062792,3159.4194143
2017-10-10 13:00:00,0.062528,0.063012,0.063183,0.06238,2618.56283634
2017-10-10 12:00:00,0.062275,0.062574,0.06266,0.062071,4884.37165216
2017-10-10 11:00:00,0.062144,0.06224,0.062417,0.06195,1276.0792065
2017-10-10 10:00:00,0.062409,0.062155,0.06281,0.062,3630.66874902
2017-10-10 09:00:00,0.061981,0.062421,0.062498,0.06194,2271.94602684
2017-10-10 08:00:00,0.061867,0.06198,0.062591,0.06184,2827.63396577
2017-10-10 07:00:00,0.061574,0.061854,0.061854,0.061483,1385.62909966
2017-10-10 06:00:00,0.062041,0.061591,0.06222,0.06149,2405.25484401
2017-10-10 05:00:00,0.061788,0.06206,0.06265,0.06166,3429.93379794
2017-10-10 04:00:00,0.062288,0.061788,0.062288,0.061402,1920.6956821
2017-10-10 03:00:00,0.061555,0.062212,0.062338,0.061515,2001.97462491
2017-10-10 02:00:00,0.061452,0.061553,0.06199,0.061038,4281.63948752
2017-10-10 01:00:00,0.060778,0.06145,0.06145,0.0602,4333.14991711
2017-10-10 00:00:00,0.062238,0.060779,0.06237,0.060779,2750.96832424
2017-10-09 23:00:00,0.06254,0.062274,0.06274,0.061505,2813.72198405
2017-10-09 22:00:00,0.062085,0.06254,0.06259,0.061571,4638.37440611
2017-10-09 21:00:00,0.06083,0.062107,0.06219,0.060754,4944.65614566
2017-10-09 20:00:00,0.060737,0.06083,0.06281,0.060373,19832.3826291
2017-10-09 19:00:00,0.061255,0.060737,0.06126,0.058601,20352.8835538
2017-10-09 18:00:00,0.062072,0.061255,0.06268,0.061254,17022.3329323
2017-10-09 17:00:00,0.064265,0.06207,0.064265,0.062001,7870.65077754
2017-10-09 16:00:00,0.0642,0.064271,0.064407,0.063987,3592.48329401
2017-10-09 15:00:00,0.064255,0.0642,0.064503,0.063417,8400.66404083
2017-10-09 14:00:00,0.065672,0.064254,0.06569,0.064054,8023.29977443
2017-10-09 13:00:00,0.066238,0.065672,0.066258,0.065665,2421.66065342
2017-10-09 12:00:00,0.06632,0.0662,0.066351,0.0662,1082.21718012
2017-10-09 11:00:00,0.066601,0.066319,0.066602,0.0663,6504.2393536
2017-10-09 10:00:00,0.0666,0.066601,0.066644,0.0666,3947.14279538
2017-10-09 09:00:00,0.066601,0.0666,0.066612,0.066284,8449.48845913
2017-10-09 08:00:00,0.0666,0.0666,0.066619,0.0666,4948.82579431
2017-10-09 07:00:00,0.066899,0.0666,0.066899,0.0666,5378.28191159
2017-10-09 06:00:00,0.067401,0.066909,0.067498,0.0666,2992.61958793
2017-10-09 05:00:00,0.066601,0.06738,0.067423,0.0666,4863.74657898
2017-10-09 04:00:00,0.065774,0.0666,0.0668,0.063707,21300.7375167
2017-10-09 03:00:00,0.066369,0.065773,0.06637,0.065765,4060.51564268
2017-10-09 02:00:00,0.066636,0.06637,0.06671,0.066346,1646.20735627
2017-10-09 01:00:00,0.06684,0.066647,0.06684,0.066501,1853.07320973
2017-10-09 00:00:00,0.067161,0.06684,0.067166,0.066806,1618.41164893
2017-10-08 23:00:00,0.067044,0.06717,0.06724,0.066981,2013.44660906
2017-10-08 22:00:00,0.067551,0.067031,0.067592,0.066582,4334.90039855
