MTS,OPEN,CLOSE,HIGH,LOW,VOLUME
2017-11-19 12:00:00,0.046265,0.046366,0.046416,0.045531,7558.73817
2017-11-19 09:00:00,0.046401,0.046258,0.047083,0.04608,18924.2001218
2017-11-19 06:00:00,0.044958,0.046423,0.048574,0.044952,32890.7612684
2017-11-19 03:00:00,0.044303,0.044958,0.045025,0.044303,5974.41795143
2017-11-19 00:00:00,0.044673,0.044326,0.044819,0.04405,5583.59649087
2017-11-18 21:00:00,0.043574,0.04467,0.045024,0.043332,28944.4212006
2017-11-18 18:00:00,0.043318,0.043606,0.043868,0.04314,6893.17029938
2017-11-18 15:00:00,0.043357,0.043318,0.04375,0.0432,8943.61652246
2017-11-18 12:00:00,0.042791,0.043376,0.043661,0.042765,7225.28561501
2017-11-18 09:00:00,0.042731,0.042798,0.0432,0.042591,5627.3292338
2017-11-18 06:00:00,0.04293,0.042776,0.043544,0.042389,8726.83084569
2017-11-18 03:00:00,0.043841,0.042905,0.043971,0.042587,10358.6738787
2017-11-18 00:00:00,0.043111,0.043895,0.043997,0.042857,14824.7312284
2017-11-17 21:00:00,0.043039,0.04309,0.04383,0.042449,11115.9159335
2017-11-17 18:00:00,0.042327,0.043039,0.04322,0.042186,6931.3588718
2017-11-17 15:00:00,0.042206,0.042327,0.04244,0.041702,15351.1677708
2017-11-17 12:00:00,0.042162,0.04221,0.042997,0.0417,13336.1094345
2017-11-17 09:00:00,0.042277,0.04218,0.04245,0.041626,10956.1029866
2017-11-17 06:00:00,0.041773,0.0423,0.043458,0.041645,26471.2491776
2017-11-17 03:00:00,0.041957,0.041736,0.042319,0.041669,11737.4822796
2017-11-17 00:00:00,0.041999,0.041962,0.042316,0.041054,17975.4302144
2017-11-16 21:00:00,0.042317,0.041999,0.042724,0.040475,22265.9771533
2017-11-16 18:00:00,0.043063,0.042302,0.043162,0.041862,17407.4728016
2017-11-16 15:00:00,0.043769,0.043063,0.044977,0.043,15146.8269307
2017-11-16 12:00:00,0.04379,0.043752,0.044525,0.043574,14343.1986992
2017-11-16 09:00:00,0.043599,0.04379,0.043994,0.042796,18027.9506837
2017-11-16 06:00:00,0.045583,0.04364,0.045595,0.043536,14315.1846444
2017-11-16 03:00:00,0.045728,0.045477,0.045751,0.045217,7008.14113574
2017-11-16 00:00:00,0.045592,0.045726,0.04633,0.045419,8536.41578902
2017-11-15 21:00:00,0.045493,0.04555,0.045818,0.044928,9572.9164819
2017-11-15 18:00:00,0.046115,0.045477,0.046526,0.045,13707.2897247
2017-11-15 15:00:00,0.046149,0.046092,0.046797,0.04501,16891.6317876
2017-11-15 12:00:00,0.04761,0.04615,0.04761,0.046081,17180.5355127
2017-11-15 09:00:00,0.048665,0.047622,0.048781,0.04761,8483.2477299
2017-11-15 06:00:00,0.049492,0.048587,0.049674,0.04842,7031.10214472
2017-11-15 03:00:00,0.048245,0.049492,0.04955,0.048146,15013.7513126
2017-11-15 00:00:00,0.050841,0.04825,0.05088,0.048162,29563.8719562
2017-11-14 21:00:00,0.050084,0.050841,0.051179,0.049981,18804.2977853
2017-11-14 18:00:00,0.050121,0.05013,0.050463,0.049699,9468.33390018
2017-11-14 15:00:00,0.050413,0.050133,0.05079,0.050051,19100.536972
2017-11-14 12:00:00,0.049879,0.050413,0.051027,0.049527,18413.1375949
2017-11-14 09:00:00,0.0505,0.049938,0.051196,0.049766,21656.0528713
2017-11-14 06:00:00,0.048602,0.050509,0.052,0.048238,26435.9353875
2017-11-14 03:00:00,0.048276,0.048671,0.0489,0.04751,12325.3928658
2017-11-14 00:00:00,0.0483,0.048322,0.048503,0.0474,18890.5132877
2017-11-13 21:00:00,0.048982,0.0483,0.0492,0.048106,22281.8669545
2017-11-13 18:00:00,0.048596,0.04898,0.050321,0.0484,22101.2451335
2017-11-13 15:00:00,0.048454,0.04852,0.049018,0.047139,17799.6766203
2017-11-13 12:00:00,0.048604,0.048426,0.049136,0.046226,25940.5124332
2017-11-13 09:00:00,0.05028,0.048604,0.05028,0.048326,18735.2932894
2017-11-13 06:00:00,0.04961,0.05028,0.050608,0.048921,24794.0119927
2017-11-13 03:00:00,0.053241,0.049761,0.053242,0.048028,24693.0407426
2017-11-13 00:00:00,0.052149,0.053243,0.054406,0.051119,28318.2869785
2017-11-12 21:00:00,0.051944,0.052149,0.0545,0.051111,48862.3961358
2017-11-12 18:00:00,0.05218,0.05203,0.052214,0.05054,31538.1883752
2017-11-12 15:00:00,0.049681,0.052181,0.0525,0.048292,31378.1320641
2017-11-12 12:00:00,0.047439,0.049674,0.050725,0.04705,39248.2041313
2017-11-12 09:00:00,0.049081,0.047327,0.051025,0.046739,45779.8783158
2017-11-12 06:00:00,0.052626,0.0492,0.054465,0.046891,70652.9042694
2017-11-12 03:00:00,0.05,0.052667,0.054,0.049739,46090.2498623
2017-11-12 00:00:00,0.0496,0.049988,0.050489,0.049362,27107.6510079
2017-11-11 21:00:00,0.049726,0.049583,0.050525,0.048743,20858.0823169
2017-11-11 18:00:00,0.049383,0.049745,0.0514,0.04919,34815.1833343
2017-11-11 15:00:00,0.047222,0.049415,0.049416,0.04721,39105.5408151
2017-11-11 12:00:00,0.046332,0.047222,0.047677,0.04621,46568.3900929
2017-11-11 09:00:00,0.045031,0.046439,0.046441,0.045029,15940.078783
2017-11-11 06:00:00,0.044939,0.045026,0.045643,0.04482,6905.79820092
2017-11-11 03:00:00,0.0445,0.04494,0.045,0.044331,8187.42972911
2017-11-11 00:00:00,0.045211,0.044522,0.045337,0.04414,9191.71481694
2017-11-10 21:00:00,0.045643,0.045208,0.045899,0.044836,15598.9947228
2017-11-10 18:00:00,0.044528,0.045642,0.046,0.044477,26757.7785642
2017-11-10 15:00:00,0.044995,0.044528,0.045099,0.043866,11674.992786
2017-11-10 12:00:00,0.045506,0.04499,0.046164,0.044075,20877.4457173
2017-11-10 09:00:00,0.044146,0.045555,0.0468,0.044098,28482.7991797
2017-11-10 06:00:00,0.044154,0.04415,0.0445,0.043742,10799.0613729
2017-11-10 03:00:00,0.043922,0.044125,0.04428,0.043684,7827.625082
2017-11-10 00:00:00,0.044811,0.043922,0.044866,0.0438,7859.88255471
2017-11-09 21:00:00,0.045466,0.044806,0.0456,0.044525,14094.5114677
2017-11-09 18:00:00,0.04537,0.04545,0.045692,0.045257,9479.95442872
2017-11-09 15:00:00,0.045284,0.04537,0.04618,0.045201,27895.3306052
2017-11-09 12:00:00,0.044374,0.045287,0.0454,0.043898,24932.1624823
2017-11-09 09:00:00,0.04358,0.0444,0.044664,0.043019,18497.4436611
2017-11-09 06:00:00,0.042405,0.04358,0.0443,0.042325,15128.2189784
2017-11-09 03:00:00,0.042217,0.042405,0.042566,0.041931,7946.52920907
2017-11-09 00:00:00,0.04131,0.042201,0.04299,0.041257,15825.2829335
2017-11-08 21:00:00,0.0437,0.041319,0.043721,0.041298,31625.0919357
2017-11-08 18:00:00,0.039499,0.0437,0.0455,0.03949,69206.0589369
2017-11-08 15:00:00,0.039948,0.0395,0.040249,0.038234,29275.9816143
2017-11-08 12:00:00,0.040132,0.039943,0.040151,0.039818,14105.1795807
2017-11-08 09:00:00,0.040347,0.040137,0.040693,0.04001,7340.00744995
2017-11-08 06:00:00,0.040169,0.040338,0.040386,0.040101,8463.63608884
2017-11-08 03:00:00,0.040201,0.040198,0.040567,0.040032,8401.65252487
2017-11-08 00:00:00,0.041006,0.040242,0.041281,0.040041,12052.6438329
2017-11-07 21:00:00,0.041322,0.04102,0.041783,0.041001,9909.33002002
2017-11-07 18:00:00,0.041247,0.041323,0.04135,0.040754,11354.2120007
2017-11-07 15:00:00,0.041141,0.041252,0.041394,0.040588,16824.5867842
2017-11-07 12:00:00,0.042215,0.041142,0.042307,0.040727,36777.8851276
2017-11-07 09:00:00,0.041792,0.042211,0.042326,0.0417,5500.39954237
2017-11-07 06:00:00,0.041713,0.041786,0.041903,0.041506,4039.72410209
2017-11-07 03:00:00,0.042506,0.041693,0.04253,0.041308,4818.97630405
2017-11-07 00:00:00,0.042707,0.042507,0.04271,0.041771,8277.0050573
2017-11-06 21:00:00,0.042169,0.042697,0.042988,0.041451,22180.7015215
2017-11-06 18:00:00,0.04216,0.042169,0.043416,0.041917,27123.9078579
2017-11-06 15:00:00,0.041041,0.042198,0.042588,0.04104,17371.9731381
2017-11-06 12:00:00,0.041051,0.041046,0.041294,0.04102,19378.244004
2017-11-06 09:00:00,0.040339,0.041034,0.041116,0.040331,7899.9023423
2017-11-06 06:00:00,0.040203,0.04037,0.040653,0.040129,6305.66394555
2017-11-06 03:00:00,0.04017,0.040204,0.041265,0.04017,14134.21274
2017-11-06 00:00:00,0.040054,0.04017,0.040458,0.03989,7636.16276539
2017-11-05 21:00:00,0.039467,0.040044,0.040557,0.039368,20347.59923
2017-11-05 18:00:00,0.039355,0.039467,0.03961,0.039,13339.4485957
2017-11-05 15:00:00,0.039355,0.039351,0.039821,0.039109,13658.1280978
2017-11-05 12:00:00,0.039344,0.039324,0.039647,0.039,11189.6875942
2017-11-05 09:00:00,0.0402,0.039342,0.04025,0.039316,6151.26141289
2017-11-05 06:00:00,0.040221,0.040192,0.040675,0.0398,4022.32753877
2017-11-05 03:00:00,0.040624,0.040279,0.040708,0.040152,5478.53693384
2017-11-05 00:00:00,0.040658,0.04061,0.041001,0.040428,4230.02100022
2017-11-04 21:00:00,0.040012,0.040638,0.040873,0.039827,7318.98299062
2017-11-04 18:00:00,0.040627,0.040047,0.040816,0.039829,10039.0250448
2017-11-04 15:00:00,0.041067,0.040632,0.041382,0.040181,14276.5595688
2017-11-04 12:00:00,0.042306,0.041068,0.042367,0.040755,17386.8318335
2017-11-04 09:00:00,0.041779,0.042292,0.042745,0.041753,8399.93884326
2017-11-04 06:00:00,0.041552,0.041767,0.041922,0.04131,7745.29459824
2017-11-04 03:00:00,0.041306,0.04155,0.041578,0.040857,6400.2986002
2017-11-04 00:00:00,0.042592,0.041337,0.04307,0.041163,12431.9293914
2017-11-03 21:00:00,0.042101,0.042592,0.043469,0.041872,30364.6961517
2017-11-03 18:00:00,0.040872,0.042164,0.042173,0.04065,12289.676448
2017-11-03 15:00:00,0.040904,0.040879,0.041243,0.040671,12334.6426795
2017-11-03 12:00:00,0.040631,0.040904,0.041499,0.040448,15939.6981483
2017-11-03 09:00:00,0.039587,0.040662,0.040989,0.039287,15126.9430211
2017-11-03 06:00:00,0.040019,0.039587,0.040339,0.039587,10443.111633
2017-11-03 03:00:00,0.040987,0.040019,0.041021,0.039587,17994.1737502
2017-11-03 00:00:00,0.04055,0.04103,0.041548,0.040548,16697.5126849
2017-11-02 21:00:00,0.040662,0.040565,0.040798,0.039952,9933.00685371
2017-11-02 18:00:00,0.0408,0.040659,0.041677,0.0402,16864.7394897
2017-11-02 15:00:00,0.041444,0.040792,0.041488,0.0404,11681.0709441
2017-11-02 12:00:00,0.041452,0.041465,0.044,0.039524,24459.7278773
2017-11-02 09:00:00,0.040045,0.041451,0.043063,0.037625,47060.1625664
2017-11-02 06:00:00,0.041325,0.040044,0.041401,0.04,25278.2070308
2017-11-02 03:00:00,0.042072,0.041334,0.042161,0.04105,12337.4920751
2017-11-02 00:00:00,0.042839,0.042114,0.04358,0.04003,42957.286052
2017-11-01 21:00:00,0.045247,0.042847,0.045333,0.042765,23791.3089067
2017-11-01 18:00:00,0.044749,0.045245,0.04543,0.044736,9104.75337033
2017-11-01 15:00:00,0.04588,0.044741,0.045881,0.044394,18406.0177909
2017-11-01 12:00:00,0.044978,0.04588,0.04622,0.044933,12873.0155914
2017-11-01 09:00:00,0.047018,0.044981,0.04708,0.044533,21306.7575244
2017-11-01 06:00:00,0.047277,0.04708,0.047736,0.046948,8105.42089608
2017-11-01 03:00:00,0.047222,0.047265,0.047661,0.046919,7115.21652994
2017-11-01 00:00:00,0.047069,0.047217,0.047579,0.047069,8126.83349756
2017-10-31 21:00:00,0.047924,0.047069,0.04794,0.046714,11837.7332492
2017-10-31 18:00:00,0.048166,0.04794,0.048492,0.047866,5186.10717157
2017-10-31 15:00:00,0.047875,0.048166,0.04832,0.047827,13164.3457138
2017-10-31 12:00:00,0.049422,0.047875,0.049534,0.0475,12525.5637218
2017-10-31 09:00:00,0.050194,0.049422,0.050199,0.049401,4945.25401424
2017-10-31 06:00:00,0.050342,0.050209,0.050425,0.0501,3581.60284426
2017-10-31 03:00:00,0.050378,0.050341,0.05084,0.050109,9029.05872082
2017-10-31 00:00:00,0.050047,0.050385,0.050463,0.049922,4327.60295346
2017-10-30 21:00:00,0.049955,0.050054,0.050162,0.049909,3693.46373239
2017-10-30 18:00:00,0.050044,0.049946,0.050255,0.0499,3068.7165269
2017-10-30 15:00:00,0.050361,0.050046,0.05062,0.050046,5362.03924121
2017-10-30 12:00:00,0.050077,0.050362,0.050474,0.049342,7401.79459351
2017-10-30 09:00:00,0.050488,0.050103,0.0505,0.049723,5238.42529734
2017-10-30 06:00:00,0.050189,0.05047,0.050765,0.05,6082.39208735
2017-10-30 03:00:00,0.050093,0.050178,0.050282,0.049822,6038.27798798
2017-10-30 00:00:00,0.049489,0.050097,0.050786,0.04933,7251.05311721
2017-10-29 21:00:00,0.049613,0.049478,0.050123,0.04893,11327.5531093
2017-10-29 18:00:00,0.051659,0.049785,0.051879,0.048621,10704.791808
2017-10-29 15:00:00,0.052924,0.051654,0.052959,0.05102,11698.2740247
2017-10-29 12:00:00,0.052901,0.052914,0.054172,0.052422,15459.8433202
2017-10-29 09:00:00,0.051257,0.052851,0.054933,0.051078,22668.8605324
2017-10-29 06:00:00,0.05119,0.051258,0.0514,0.050996,5732.30059053
2017-10-29 03:00:00,0.051584,0.051176,0.05165,0.05109,2830.17124623
2017-10-29 00:00:00,0.05133,0.051593,0.0517,0.051248,3276.72226381
2017-10-28 21:00:00,0.0512,0.051333,0.051403,0.050833,3593.95872891
2017-10-28 18:00:00,0.05165,0.051233,0.05167,0.050895,3171.12087174
2017-10-28 15:00:00,0.051725,0.051653,0.05195,0.051375,3621.9798526
2017-10-28 12:00:00,0.051417,0.051738,0.051999,0.05114,6918.21859986
2017-10-28 09:00:00,0.050858,0.051413,0.051548,0.050757,4358.8520969
2017-10-28 06:00:00,0.050979,0.050868,0.051,0.0507,2283.07693129
2017-10-28 03:00:00,0.051088,0.05096,0.051216,0.050804,3331.72595303
2017-10-28 00:00:00,0.051458,0.051088,0.051458,0.050421,5351.69620916
2017-10-27 21:00:00,0.051315,0.051457,0.05158,0.05116,3635.68102338
2017-10-27 18:00:00,0.051597,0.051303,0.051977,0.051175,3794.42780699
2017-10-27 15:00:00,0.051041,0.051586,0.051605,0.05077,5067.54485184
2017-10-27 12:00:00,0.050924,0.051046,0.051523,0.050774,7684.67734664
2017-10-27 09:00:00,0.050427,0.050892,0.051219,0.050111,7160.17351795
2017-10-27 06:00:00,0.050882,0.050436,0.051213,0.050331,5611.83670187
2017-10-27 03:00:00,0.049822,0.050882,0.05098,0.049787,4558.52772707
2017-10-27 00:00:00,0.050043,0.049795,0.050312,0.049545,5006.33934435
2017-10-26 21:00:00,0.05049,0.050012,0.05084,0.049824,4904.71785666
2017-10-26 18:00:00,0.049587,0.050549,0.050549,0.049543,8439.19952465
2017-10-26 15:00:00,0.050064,0.0496,0.05012,0.04923,8786.61262864
2017-10-26 12:00:00,0.050902,0.050064,0.050902,0.05,11663.1857192
2017-10-26 09:00:00,0.05166,0.050913,0.051952,0.050913,5426.41065943
2017-10-26 06:00:00,0.051757,0.05166,0.052,0.051505,2303.70626723
2017-10-26 03:00:00,0.052009,0.051773,0.052055,0.051491,2873.33792159
2017-10-26 00:00:00,0.051639,0.051989,0.0521,0.051266,7819.31748124
2017-10-25 21:00:00,0.052351,0.051563,0.052426,0.051298,9472.88451774
2017-10-25 18:00:00,0.05347,0.052371,0.053765,0.052272,4426.73424843
2017-10-25 15:00:00,0.053583,0.05347,0.054,0.053136,6361.45930066
2017-10-25 12:00:00,0.053264,0.05358,0.053726,0.053176,5016.6570884
2017-10-25 09:00:00,0.053131,0.053283,0.0535,0.052322,8334.35879215
2017-10-25 06:00:00,0.053571,0.053129,0.054298,0.053038,5498.38224816
2017-10-25 03:00:00,0.053777,0.053515,0.053832,0.053137,4725.45797165
2017-10-25 00:00:00,0.053811,0.053782,0.054388,0.053422,6463.84968475
2017-10-24 21:00:00,0.05413,0.053846,0.054688,0.053051,9657.57079087
2017-10-24 18:00:00,0.053134,0.054129,0.054391,0.053038,7229.6977083
2017-10-24 15:00:00,0.054789,0.053101,0.054789,0.052784,9789.07327909
2017-10-24 12:00:00,0.054296,0.054796,0.055274,0.054,19297.0421694
2017-10-24 09:00:00,0.053375,0.054318,0.055,0.053295,12245.6202241
2017-10-24 06:00:00,0.053957,0.053378,0.053999,0.052879,8594.20981365
2017-10-24 03:00:00,0.054064,0.05393,0.054395,0.053042,17015.7335211
2017-10-24 00:00:00,0.04831,0.054057,0.055988,0.048227,52455.0802239
2017-10-23 21:00:00,0.047656,0.04831,0.0488,0.047459,18820.2983465
2017-10-23 18:00:00,0.048401,0.047668,0.048402,0.047421,14318.8634808
2017-10-23 15:00:00,0.048545,0.048383,0.048807,0.048115,12704.1045927
2017-10-23 12:00:00,0.048692,0.048599,0.048889,0.0484,29494.4393204
2017-10-23 09:00:00,0.048622,0.04866,0.049355,0.048474,15250.3882465
2017-10-23 06:00:00,0.048719,0.048622,0.048997,0.048001,9240.87304606
2017-10-23 03:00:00,0.048934,0.048747,0.049184,0.048,8561.38457365
2017-10-23 00:00:00,0.04911,0.048923,0.049349,0.048567,3510.86732232
2017-10-22 21:00:00,0.049645,0.049053,0.05,0.0489,10490.3404538
2017-10-22 18:00:00,0.049009,0.049664,0.049789,0.0489,6379.82759253
2017-10-22 15:00:00,0.049509,0.049031,0.049625,0.04875,9311.64647716
2017-10-22 12:00:00,0.050463,0.049481,0.050713,0.049423,10808.6678422
2017-10-22 09:00:00,0.050018,0.050397,0.050941,0.049951,8081.96883767
2017-10-22 06:00:00,0.050569,0.050017,0.050903,0.049407,5857.73551099
2017-10-22 03:00:00,0.051255,0.050555,0.05145,0.0503,7443.0939087
2017-10-22 00:00:00,0.049853,0.051249,0.051359,0.049549,6729.28205035
2017-10-21 21:00:00,0.048711,0.049852,0.050157,0.048601,7089.71054444
2017-10-21 18:00:00,0.049433,0.048712,0.049876,0.048613,9231.44908966
2017-10-21 15:00:00,0.04795,0.049432,0.050141,0.047136,23270.9935194
2017-10-21 12:00:00,0.0483,0.04795,0.0485,0.0477,11100.0178744
2017-10-21 09:00:00,0.048844,0.048305,0.049087,0.048,10377.7287694
2017-10-21 06:00:00,0.049102,0.048826,0.049641,0.0486,11420.0471352
2017-10-21 03:00:00,0.049507,0.049119,0.0497,0.048529,14079.6640715
2017-10-21 00:00:00,0.050523,0.049502,0.050966,0.04937,17127.8312577
2017-10-20 21:00:00,0.051118,0.050522,0.051192,0.050011,8633.15487753
2017-10-20 18:00:00,0.05151,0.051173,0.051544,0.050011,14500.2272413
2017-10-20 15:00:00,0.051968,0.051544,0.052254,0.0511,25858.2410471
2017-10-20 12:00:00,0.053844,0.051965,0.054114,0.0513,15256.3163477
2017-10-20 09:00:00,0.053805,0.053853,0.054,0.05367,3552.90545868
2017-10-20 06:00:00,0.05402,0.053822,0.054371,0.053651,4284.41324028
2017-10-20 03:00:00,0.054095,0.054056,0.05436,0.053926,3777.88834668
2017-10-20 00:00:00,0.053871,0.054094,0.054233,0.05382,3805.8675638
2017-10-19 21:00:00,0.053819,0.053882,0.054095,0.0536,3744.69051075
2017-10-19 18:00:00,0.054288,0.053853,0.05458,0.053711,5077.2793189
2017-10-19 15:00:00,0.054826,0.054299,0.054908,0.053884,10376.3210734
2017-10-19 12:00:00,0.053851,0.054764,0.054926,0.053535,8862.52085854
2017-10-19 09:00:00,0.05476,0.05385,0.0549,0.05375,11009.1015357
2017-10-19 06:00:00,0.054906,0.05476,0.05514,0.05449,5140.90196863
2017-10-19 03:00:00,0.055683,0.054924,0.055781,0.05489,5351.57331658
2017-10-19 00:00:00,0.056262,0.05566,0.0564,0.055658,4367.24923838
2017-10-18 21:00:00,0.055605,0.056236,0.056309,0.05551,4148.11670062
2017-10-18 18:00:00,0.056181,0.055625,0.0565,0.055625,4983.81470339
2017-10-18 15:00:00,0.056575,0.056194,0.05768,0.05602,9121.35091467
2017-10-18 12:00:00,0.056229,0.056577,0.056751,0.055825,10756.8935696
2017-10-18 09:00:00,0.056148,0.056142,0.056708,0.055953,5257.24519652
2017-10-18 06:00:00,0.056619,0.056161,0.057198,0.05603,11438.0737436
2017-10-18 03:00:00,0.055895,0.056619,0.056986,0.055631,4251.91457576
2017-10-18 00:00:00,0.056435,0.055849,0.056925,0.05577,5707.75246365
2017-10-17 21:00:00,0.056529,0.056442,0.056856,0.0557,5685.13508553
2017-10-17 18:00:00,0.056907,0.056498,0.057618,0.056039,8436.92435332
2017-10-17 15:00:00,0.057737,0.056908,0.0578,0.056251,9941.1084923
2017-10-17 12:00:00,0.057998,0.057724,0.058482,0.057511,5276.63504552
2017-10-17 09:00:00,0.058139,0.057974,0.058346,0.0577,8744.29560175
2017-10-17 06:00:00,0.058077,0.058132,0.0584,0.0577,6707.41525892
2017-10-17 03:00:00,0.058225,0.058015,0.0584,0.057838,3964.19388846
2017-10-17 00:00:00,0.0579,0.058229,0.058881,0.057745,5780.24159948
2017-10-16 21:00:00,0.058483,0.057894,0.059009,0.0577,6191.15203572
2017-10-16 18:00:00,0.059412,0.05848,0.059507,0.058002,7633.91728281
2017-10-16 15:00:00,0.060099,0.059412,0.0604,0.05931,7723.83590409
2017-10-16 12:00:00,0.059241,0.0601,0.06041,0.059,9917.18030873
2017-10-16 09:00:00,0.060546,0.059269,0.060761,0.0591,7420.76194978
2017-10-16 06:00:00,0.061771,0.060541,0.062214,0.059821,10075.5912857
2017-10-16 03:00:00,0.061106,0.061799,0.062214,0.05951,22667.2073597
2017-10-16 00:00:00,0.059078,0.061083,0.061263,0.058891,9433.37055193
2017-10-15 21:00:00,0.059663,0.059103,0.06035,0.058552,6053.53231495
2017-10-15 18:00:00,0.059722,0.0597,0.059899,0.059333,4030.0154518
2017-10-15 15:00:00,0.05939,0.059721,0.060398,0.059264,9248.15080659
2017-10-15 12:00:00,0.058833,0.05933,0.059677,0.05831,7658.57596671
2017-10-15 09:00:00,0.0596,0.05873,0.0603,0.057511,14559.8612777
2017-10-15 06:00:00,0.05856,0.0596,0.060825,0.058295,11456.4430885
2017-10-15 03:00:00,0.057577,0.058578,0.0592,0.05746,10572.3102324
2017-10-15 00:00:00,0.058054,0.05758,0.058799,0.057499,9788.36285029
2017-10-14 21:00:00,0.060276,0.058049,0.060619,0.057511,7918.5787701
2017-10-14 18:00:00,0.059692,0.060244,0.060788,0.059471,6709.03078377
2017-10-14 15:00:00,0.059389,0.059674,0.060815,0.059259,12965.9378123
2017-10-14 12:00:00,0.059702,0.05939,0.060202,0.059097,6817.13122632
2017-10-14 09:00:00,0.061605,0.059724,0.061936,0.05857,12799.4101164
2017-10-14 06:00:00,0.060923,0.061515,0.06164,0.060881,7586.62605229
2017-10-14 03:00:00,0.059334,0.060906,0.061,0.059259,7380.57607248
2017-10-14 00:00:00,0.059761,0.059334,0.060133,0.059,5556.34009759
2017-10-13 21:00:00,0.059877,0.059896,0.060998,0.059502,7109.86078235
2017-10-13 18:00:00,0.059714,0.059883,0.062489,0.059453,10307.2161709
2017-10-13 15:00:00,0.05948,0.059718,0.060586,0.0583,10922.3611168
2017-10-13 12:00:00,0.058377,0.05948,0.062419,0.0582,38851.9734689
2017-10-13 09:00:00,0.057195,0.058382,0.058732,0.056836,13307.573714
2017-10-13 06:00:00,0.056988,0.05715,0.06,0.055606,26120.8486323
2017-10-13 03:00:00,0.052831,0.057046,0.057046,0.051865,25805.2570626
2017-10-13 00:00:00,0.055654,0.052795,0.056519,0.05083,29952.016541
2017-10-12 21:00:00,0.05697,0.055641,0.058742,0.055609,21500.3890826
2017-10-12 18:00:00,0.057776,0.05697,0.058679,0.056701,11362.4975126
2017-10-12 15:00:00,0.0589,0.057755,0.058937,0.055952,25962.976967
2017-10-12 12:00:00,0.0591,0.058899,0.05918,0.05862,8378.90033682
2017-10-12 09:00:00,0.0596,0.0591,0.060091,0.05825,17538.0788635
2017-10-12 06:00:00,0.062726,0.059653,0.06281,0.058959,15789.2647522
2017-10-12 03:00:00,0.063062,0.062773,0.06364,0.062749,6224.87795552
2017-10-12 00:00:00,0.06288,0.063071,0.0635,0.06257,5301.47145655
2017-10-11 21:00:00,0.06257,0.06286,0.063,0.0625,3510.59333614
2017-10-11 18:00:00,0.062121,0.0626,0.06286,0.0621,5907.9082087
2017-10-11 15:00:00,0.062798,0.062121,0.062817,0.061666,5812.42816566
2017-10-11 12:00:00,0.062663,0.06276,0.063758,0.062351,7657.65978208
2017-10-11 09:00:00,0.062476,0.062635,0.06275,0.061775,5000.77117728
2017-10-11 06:00:00,0.06343,0.062485,0.063442,0.062315,3537.73001075
2017-10-11 03:00:00,0.063042,0.06343,0.063612,0.063,4327.8480403
2017-10-11 00:00:00,0.062729,0.063089,0.063599,0.062725,4304.03195852
2017-10-10 21:00:00,0.061422,0.06273,0.062999,0.06142,8978.35562107
2017-10-10 18:00:00,0.06172,0.06142,0.06213,0.060997,11946.2088032
2017-10-10 15:00:00,0.06352,0.061723,0.063532,0.06148,11625.4726578
2017-10-10 12:00:00,0.062275,0.06352,0.063693,0.062071,10662.3539028
2017-10-10 09:00:00,0.061981,0.06224,0.06281,0.06194,7178.69398236
2017-10-10 06:00:00,0.062041,0.06198,0.062591,0.061483,6618.51790944
2017-10-10 03:00:00,0.061555,0.06206,0.06265,0.061402,7352.60410495
2017-10-10 00:00:00,0.062238,0.061553,0.06237,0.0602,11365.7577289
2017-10-09 21:00:00,0.06083,0.062274,0.06274,0.060754,12396.7525358
2017-10-09 18:00:00,0.062072,0.06083,0.06281,0.058601,57207.5991153
2017-10-09 15:00:00,0.064255,0.06207,0.064503,0.062001,19863.7981124
2017-10-09 12:00:00,0.06632,0.064254,0.066351,0.064054,11527.177608
2017-10-09 09:00:00,0.066601,0.066319,0.066644,0.066284,18900.8706081
2017-10-09 06:00:00,0.067401,0.0666,0.067498,0.0666,13319.7272938
2017-10-09 03:00:00,0.066369,0.06738,0.067423,0.063707,30224.9997384
2017-10-09 00:00:00,0.067161,0.06637,0.067166,0.066346,5117.69221493
2017-10-08 21:00:00,0.067891,0.06717,0.06796,0.066582,7967.88187256
2017-10-08 18:00:00,0.068249,0.067901,0.068673,0.067155,10522.7092603
2017-10-08 15:00:00,0.068994,0.068211,0.06901,0.068188,5477.41049244
2017-10-08 12:00:00,0.069627,0.068999,0.069772,0.068089,8060.00987858
2017-10-08 09:00:00,0.069839,0.069615,0.069935,0.069541,3611.71312512
2017-10-08 06:00:00,0.070129,0.069816,0.070137,0.069801,2787.88835764
2017-10-08 03:00:00,0.070275,0.07015,0.07028,0.069991,2801.2376543
2017-10-08 00:00:00,0.070212,0.07026,0.07041,0.070052,1923.7713879
2017-10-07 21:00:00,0.07088,0.070219,0.070918,0.070061,5046.55617295
2017-10-07 18:00:00,0.070795,0.07091,0.071139,0.070795,2194.25248641
2017-10-07 15:00:00,0.071221,0.070797,0.07135,0.0707,3656.20938712
2017-10-07 12:00:00,0.070523,0.071232,0.071268,0.070508,3121.16287796
2017-10-07 09:00:00,0.070626,0.070574,0.0715,0.0705,3328.95615288
2017-10-07 06:00:00,0.070821,0.070628,0.071493,0.070486,4885.49350532
2017-10-07 03:00:00,0.071413,0.07085,0.071413,0.070462,2678.84523081
2017-10-07 00:00:00,0.070658,0.071414,0.07189,0.070601,4912.6011499
2017-10-06 21:00:00,0.069473,0.070669,0.070937,0.069376,7041.90424671
2017-10-06 18:00:00,0.069409,0.069477,0.06972,0.0694,5886.32429893
2017-10-06 15:00:00,0.068655,0.0694,0.069417,0.06862,5996.22883584
2017-10-06 12:00:00,0.068471,0.068631,0.068998,0.068246,5647.90584641
2017-10-06 09:00:00,0.068126,0.068453,0.068522,0.06806,3075.34572329
2017-10-06 06:00:00,0.067945,0.068127,0.068239,0.067825,3730.94858525
2017-10-06 03:00:00,0.068177,0.067945,0.068462,0.067945,3704.15621362
2017-10-06 00:00:00,0.068365,0.06818,0.068376,0.068003,1771.43516794
2017-10-05 21:00:00,0.068055,0.068365,0.068401,0.067944,4122.96558394
2017-10-05 18:00:00,0.06839,0.068067,0.068493,0.068003,3190.79065681
2017-10-05 15:00:00,0.068169,0.06839,0.068494,0.06785,4372.09837994
2017-10-05 12:00:00,0.06853,0.068137,0.068537,0.067825,4574.48535101
2017-10-05 09:00:00,0.069465,0.068539,0.069466,0.068399,4068.22596889
2017-10-05 06:00:00,0.06931,0.069465,0.0695,0.069249,2923.09365659
2017-10-05 03:00:00,0.069304,0.069311,0.069501,0.069045,3325.95601022
2017-10-05 00:00:00,0.06916,0.069318,0.069914,0.06901,8528.5846978
2017-10-04 21:00:00,0.069239,0.069144,0.069501,0.06901,3463.72777454
2017-10-04 18:00:00,0.069501,0.069238,0.069733,0.069209,4596.21299532
2017-10-04 15:00:00,0.069399,0.06953,0.069746,0.0693,6368.11911657
2017-10-04 12:00:00,0.06903,0.0694,0.069526,0.068792,11215.9399951
2017-10-04 09:00:00,0.06874,0.06903,0.069333,0.068625,7495.75945265
2017-10-04 06:00:00,0.067931,0.06874,0.068813,0.067879,3951.86642181
2017-10-04 03:00:00,0.06794,0.067934,0.068283,0.067823,4430.20919575
2017-10-04 00:00:00,0.067752,0.067975,0.068105,0.06751,3059.36604144
2017-10-03 21:00:00,0.067755,0.067732,0.068613,0.06755,7312.53700467
2017-10-03 18:00:00,0.06779,0.067755,0.068105,0.06755,3528.6896426
2017-10-03 15:00:00,0.067981,0.067812,0.068223,0.06761,4149.11320243
2017-10-03 12:00:00,0.067951,0.068047,0.068295,0.0678,6892.10783652
2017-10-03 09:00:00,0.06727,0.06795,0.06796,0.067155,6544.90225148
2017-10-03 06:00:00,0.068553,0.067275,0.068692,0.067155,7012.07743193
2017-10-03 03:00:00,0.067494,0.068552,0.068697,0.067432,4903.28767223
2017-10-03 00:00:00,0.067545,0.067485,0.068156,0.067226,6254.45086244
2017-10-02 21:00:00,0.0675,0.06756,0.06778,0.067333,4636.30247131
2017-10-02 18:00:00,0.06733,0.06751,0.067682,0.066954,7452.63585756
2017-10-02 15:00:00,0.067457,0.067331,0.068069,0.067273,5290.69143615
2017-10-02 12:00:00,0.068299,0.067454,0.068398,0.06743,6121.2409757
2017-10-02 09:00:00,0.067703,0.068233,0.068507,0.067501,6265.56721489
2017-10-02 06:00:00,0.06771,0.067703,0.068209,0.06764,6670.04213494
2017-10-02 03:00:00,0.068242,0.06772,0.068321,0.0677,5175.93416103
2017-10-02 00:00:00,0.068995,0.06824,0.069,0.066987,29650.0495319
2017-10-01 21:00:00,0.0693,0.068953,0.069457,0.068911,6302.36719231
2017-10-01 18:00:00,0.07,0.069299,0.070003,0.069288,4130.05398368
2017-10-01 15:00:00,0.069476,0.07,0.070003,0.069419,6550.12937105
2017-10-01 12:00:00,0.06932,0.06949,0.069501,0.069209,3118.74159691
2017-10-01 09:00:00,0.069499,0.069321,0.069585,0.069126,3634.05701144
2017-10-01 06:00:00,0.069385,0.0695,0.069585,0.0693,4345.84121243
2017-10-01 03:00:00,0.069743,0.069384,0.069752,0.069377,3477.60316429
2017-10-01 00:00:00,0.069505,0.069743,0.069743,0.069209,5205.53403419
2017-09-30 21:00:00,0.069897,0.069515,0.069913,0.0695,3117.26437698
2017-09-30 18:00:00,0.070167,0.069915,0.070255,0.06968,5246.3203769
2017-09-30 15:00:00,0.07008,0.070168,0.070255,0.07,3315.28631859
2017-09-30 12:00:00,0.070379,0.07002,0.07047,0.07,4326.74986809
2017-09-30 09:00:00,0.070059,0.070379,0.070758,0.07,6452.61821683
2017-09-30 06:00:00,0.07035,0.07006,0.070506,0.07,4833.02247146
2017-09-30 03:00:00,0.070478,0.07035,0.070664,0.070295,3785.0756353
2017-09-30 00:00:00,0.070249,0.070475,0.07059,0.07018,3732.33182973
2017-09-29 21:00:00,0.070119,0.070202,0.070339,0.07003,4973.26724166
2017-09-29 18:00:00,0.07001,0.070089,0.070255,0.07,2528.00370184
2017-09-29 15:00:00,0.07016,0.070024,0.070339,0.07,4198.24849086
2017-09-29 12:00:00,0.07025,0.070164,0.071025,0.069711,8048.20089988
2017-09-29 09:00:00,0.070189,0.07025,0.070474,0.069462,7447.17167218
2017-09-29 06:00:00,0.07014,0.07019,0.0706,0.069952,6429.91038735
2017-09-29 03:00:00,0.070276,0.07014,0.070539,0.06923,9138.47261607
2017-09-29 00:00:00,0.072227,0.070278,0.072556,0.07001,8170.3178771
2017-09-28 21:00:00,0.072311,0.072291,0.072509,0.0721,2714.25975732
2017-09-28 18:00:00,0.07221,0.072313,0.072678,0.0721,3648.81725333
2017-09-28 15:00:00,0.072746,0.072273,0.072746,0.07192,6889.26421725
2017-09-28 12:00:00,0.072146,0.072708,0.072785,0.0718,6202.38409082
2017-09-28 09:00:00,0.07233,0.072106,0.07277,0.071732,9117.00868175
2017-09-28 06:00:00,0.072599,0.072332,0.07279,0.07211,6107.20435799
2017-09-28 03:00:00,0.073191,0.0726,0.07376,0.07255,5970.5860662
2017-09-28 00:00:00,0.073655,0.073151,0.074001,0.073126,5225.15329317
2017-09-27 21:00:00,0.073775,0.073652,0.074225,0.073185,8196.30583633
2017-09-27 18:00:00,0.0729,0.07379,0.073905,0.072121,6861.77830313
2017-09-27 15:00:00,0.072654,0.072899,0.07384,0.072631,6204.09410997
2017-09-27 12:00:00,0.07265,0.072642,0.072879,0.072375,5499.44497485
2017-09-27 09:00:00,0.07368,0.072708,0.07373,0.072511,5829.50613622
2017-09-27 06:00:00,0.073751,0.07368,0.073849,0.07335,4492.78180422
2017-09-27 03:00:00,0.07396,0.073814,0.074091,0.07375,4808.29881598
2017-09-27 00:00:00,0.074408,0.07396,0.074425,0.07375,2351.13525962
2017-09-26 21:00:00,0.073814,0.07432,0.07454,0.0738,4118.42366587
2017-09-26 18:00:00,0.074021,0.07381,0.074247,0.07371,4761.27152977
2017-09-26 15:00:00,0.073908,0.074038,0.074245,0.073705,4230.30738091
2017-09-26 12:00:00,0.07427,0.073912,0.07427,0.07381,5677.5205064
2017-09-26 09:00:00,0.07466,0.07427,0.07477,0.07423,3539.1328291
2017-09-26 06:00:00,0.075097,0.07466,0.075101,0.07466,4616.63996136
2017-09-26 03:00:00,0.075,0.075072,0.075222,0.074882,4073.18458641
2017-09-26 00:00:00,0.075159,0.075,0.07532,0.075,4208.82091628
2017-09-25 21:00:00,0.075131,0.075159,0.075312,0.0751,4176.08176485
2017-09-25 18:00:00,0.075082,0.07513,0.07531,0.075,7746.42983123
2017-09-25 15:00:00,0.075239,0.0751,0.075418,0.075,12809.0126654
2017-09-25 12:00:00,0.07649,0.07524,0.076681,0.075185,12934.7639458
2017-09-25 09:00:00,0.076891,0.07649,0.077002,0.07647,7327.36930813
2017-09-25 06:00:00,0.076482,0.076891,0.076891,0.076252,3343.51509944
2017-09-25 03:00:00,0.076841,0.07653,0.076881,0.076357,3179.80203399
2017-09-25 00:00:00,0.077096,0.076892,0.07723,0.076779,4695.06737168
2017-09-24 21:00:00,0.077681,0.0771,0.078,0.077095,4903.9741924
2017-09-24 18:00:00,0.077703,0.077625,0.077733,0.07675,6005.91919822
2017-09-24 15:00:00,0.077101,0.077708,0.077759,0.07708,5330.75534919
2017-09-24 12:00:00,0.076587,0.077099,0.077603,0.076516,6532.53005594
2017-09-24 09:00:00,0.076337,0.076584,0.077125,0.07589,6011.51156487
2017-09-24 06:00:00,0.076632,0.076393,0.07704,0.07582,4391.42745279
2017-09-24 03:00:00,0.0777,0.07665,0.07801,0.07641,24208.5145252
2017-09-24 00:00:00,0.075663,0.077719,0.078,0.075631,9352.78773826
2017-09-23 21:00:00,0.075127,0.075663,0.075775,0.07497,3187.47981741
2017-09-23 18:00:00,0.0754,0.075129,0.075409,0.07466,3357.47723804
2017-09-23 15:00:00,0.074605,0.075401,0.0755,0.074516,5603.21406055
2017-09-23 12:00:00,0.0747,0.0746,0.074954,0.073794,7056.30654632
2017-09-23 09:00:00,0.072334,0.07465,0.0751,0.072299,8328.01503241
2017-09-23 06:00:00,0.072161,0.072299,0.072821,0.0721,3673.00518073
2017-09-23 03:00:00,0.072653,0.072163,0.072821,0.0721,2462.695971
2017-09-23 00:00:00,0.072811,0.072652,0.072933,0.072299,3056.02742673
2017-09-22 21:00:00,0.072672,0.07289,0.073,0.072459,3839.12095074
2017-09-22 18:00:00,0.072673,0.07264,0.072926,0.072299,4772.30062511
2017-09-22 15:00:00,0.071995,0.072746,0.072779,0.071934,4945.42748869
2017-09-22 12:00:00,0.07188,0.07205,0.072258,0.071664,4310.37038785
2017-09-22 09:00:00,0.07196,0.07187,0.07208,0.071579,4722.60249099
2017-09-22 06:00:00,0.072236,0.07195,0.0725,0.071899,3928.97666582
2017-09-22 03:00:00,0.071618,0.072151,0.072339,0.071504,5045.96079906
2017-09-22 00:00:00,0.07134,0.07162,0.071937,0.071042,4737.00175757
2017-09-21 21:00:00,0.071763,0.07134,0.072982,0.071179,10693.2239839
2017-09-21 18:00:00,0.072059,0.071776,0.072419,0.070459,13314.8332841
2017-09-21 15:00:00,0.073477,0.072059,0.073484,0.072059,13654.5088988
2017-09-21 12:00:00,0.073601,0.073496,0.073678,0.0733,6362.13501797
2017-09-21 09:00:00,0.073639,0.073611,0.0737,0.073099,5386.35591982
2017-09-21 06:00:00,0.073025,0.07357,0.073823,0.07294,4382.59783599
2017-09-21 03:00:00,0.073129,0.073025,0.073369,0.072739,2950.13299216
2017-09-21 00:00:00,0.073254,0.073088,0.073639,0.073,4564.33187127
2017-09-20 21:00:00,0.072817,0.07325,0.073263,0.0727,4847.84816976
2017-09-20 18:00:00,0.07265,0.072817,0.072869,0.07242,2571.93553192
2017-09-20 15:00:00,0.072639,0.07265,0.072941,0.072601,3252.97150438
2017-09-20 12:00:00,0.072562,0.072653,0.072701,0.072339,3454.72228196
2017-09-20 09:00:00,0.072484,0.072562,0.07265,0.07226,3041.23662778
2017-09-20 06:00:00,0.072451,0.072472,0.072781,0.072145,2822.5669302
2017-09-20 03:00:00,0.07252,0.072434,0.072608,0.0721,5022.33589132
2017-09-20 00:00:00,0.072524,0.07252,0.072701,0.072259,4202.47676721
2017-09-19 21:00:00,0.072339,0.07257,0.07262,0.071939,6478.52545533
2017-09-19 18:00:00,0.072261,0.072339,0.072781,0.07207,6866.21296634
2017-09-19 15:00:00,0.072531,0.07226,0.072981,0.07226,6114.95937767
2017-09-19 12:00:00,0.072081,0.072537,0.072683,0.072008,6538.33798476
2017-09-19 09:00:00,0.072202,0.07216,0.07262,0.071825,6819.78922997
2017-09-19 06:00:00,0.07196,0.0722,0.072834,0.071911,5588.67084269
2017-09-19 03:00:00,0.072726,0.071892,0.072912,0.071499,6086.57883551
2017-09-19 00:00:00,0.072729,0.072749,0.073236,0.072262,6278.52820311
2017-09-18 21:00:00,0.0722,0.07273,0.072815,0.07173,3543.54217898
2017-09-18 18:00:00,0.07311,0.072231,0.073438,0.0722,3354.99723067
2017-09-18 15:00:00,0.072569,0.073111,0.073224,0.0718,6049.86469693
2017-09-18 12:00:00,0.072727,0.072595,0.07387,0.0724,10661.9612044
2017-09-18 09:00:00,0.072779,0.072728,0.073389,0.07255,10071.5808232
2017-09-18 06:00:00,0.07533,0.072803,0.075334,0.07251,10274.9020335
2017-09-18 03:00:00,0.074031,0.075353,0.07575,0.07321,10491.7941791
2017-09-18 00:00:00,0.069898,0.07402,0.0745,0.069885,17582.3313669
2017-09-17 21:00:00,0.06983,0.06991,0.070063,0.069612,3233.98520377
2017-09-17 18:00:00,0.069751,0.069829,0.07035,0.069681,3800.22329061
2017-09-17 15:00:00,0.06902,0.069759,0.069948,0.068809,5271.59363441
2017-09-17 12:00:00,0.068688,0.069047,0.069304,0.06841,4886.20473271
2017-09-17 09:00:00,0.068823,0.068687,0.069035,0.06835,4380.40761148
2017-09-17 06:00:00,0.06879,0.068823,0.06914,0.068331,3396.49821003
2017-09-17 03:00:00,0.068791,0.068812,0.069141,0.06865,2868.31306458
2017-09-17 00:00:00,0.06873,0.06878,0.069435,0.0684,4830.07707179
2017-09-16 21:00:00,0.068823,0.06873,0.069045,0.06836,3370.41827754
2017-09-16 18:00:00,0.068987,0.068838,0.06936,0.0686,3630.7820453
2017-09-16 15:00:00,0.068369,0.068991,0.069034,0.068159,6245.51773921
2017-09-16 12:00:00,0.069038,0.068359,0.069589,0.06823,6849.36819464
2017-09-16 09:00:00,0.069167,0.06904,0.0698,0.068629,13891.1468054
2017-09-16 06:00:00,0.069669,0.069239,0.06979,0.0691,6318.70901281
2017-09-16 03:00:00,0.069188,0.069632,0.07013,0.068913,8878.69428859
2017-09-16 00:00:00,0.06975,0.069232,0.069964,0.069,7027.62268377
2017-09-15 21:00:00,0.07006,0.069749,0.070178,0.069201,8779.74887833
2017-09-15 18:00:00,0.069346,0.070057,0.070595,0.068506,8870.5945794
2017-09-15 15:00:00,0.069993,0.06945,0.070752,0.068,20748.4794825
2017-09-15 12:00:00,0.067548,0.069823,0.07134,0.067311,34162.1663879
2017-09-15 09:00:00,0.070318,0.06741,0.070726,0.066875,23311.1598657
2017-09-15 06:00:00,0.069685,0.070318,0.070857,0.069621,15221.8162893
2017-09-15 03:00:00,0.06985,0.069674,0.07034,0.06941,8089.68092083
2017-09-15 00:00:00,0.068915,0.069773,0.07029,0.06876,11464.2264375
2017-09-14 21:00:00,0.070246,0.068941,0.070246,0.068726,12939.6092321
2017-09-14 18:00:00,0.0685,0.070157,0.070513,0.067956,18039.8335131
2017-09-14 15:00:00,0.069158,0.0685,0.069159,0.0675,22149.8796881
2017-09-14 12:00:00,0.068946,0.069165,0.06932,0.067033,32700.2042038
2017-09-14 09:00:00,0.07073,0.06855,0.070938,0.068543,14609.9982467
2017-09-14 06:00:00,0.070405,0.070709,0.070833,0.0701,5050.79270931
2017-09-14 03:00:00,0.071203,0.07035,0.071547,0.07035,5249.58235633
2017-09-14 00:00:00,0.071392,0.071213,0.071699,0.071046,2575.6573604
2017-09-13 21:00:00,0.069677,0.071392,0.071722,0.069677,4882.41124196
2017-09-13 18:00:00,0.07024,0.069691,0.07029,0.069206,6576.9704362
2017-09-13 15:00:00,0.069816,0.07024,0.070479,0.069,10724.6449555
2017-09-13 12:00:00,0.068805,0.06982,0.070119,0.06781,13563.5543969
2017-09-13 09:00:00,0.070295,0.068829,0.070511,0.06877,6930.44169751
2017-09-13 06:00:00,0.070181,0.07024,0.070904,0.069527,4672.97976269
2017-09-13 03:00:00,0.07008,0.070181,0.070714,0.069032,8019.86516476
2017-09-13 00:00:00,0.070796,0.070034,0.071026,0.07,4658.77400717
2017-09-12 21:00:00,0.070511,0.070744,0.071279,0.070471,4665.25118327
2017-09-12 18:00:00,0.0711,0.070509,0.07114,0.069953,9833.52305686
2017-09-12 15:00:00,0.07129,0.0711,0.071979,0.071,5687.14528283
2017-09-12 12:00:00,0.071631,0.07129,0.072007,0.07122,4297.45709093
2017-09-12 09:00:00,0.071451,0.071689,0.071787,0.07116,5174.69290194
2017-09-12 06:00:00,0.071354,0.07148,0.0725,0.071194,9703.4741931
2017-09-12 03:00:00,0.07079,0.07135,0.0715,0.07058,4543.99837647
2017-09-12 00:00:00,0.07076,0.070831,0.071076,0.070542,3206.27642485
2017-09-11 21:00:00,0.070588,0.0709,0.070902,0.07036,2509.76731206
2017-09-11 18:00:00,0.070728,0.07064,0.07105,0.070513,3291.11375687
2017-09-11 15:00:00,0.070329,0.070721,0.070919,0.07018,3727.24048527
2017-09-11 12:00:00,0.070128,0.070329,0.070439,0.07,3945.34513825
2017-09-11 09:00:00,0.070024,0.070113,0.07054,0.069873,4083.6769109
2017-09-11 06:00:00,0.070028,0.07007,0.07062,0.069781,3430.84038163
2017-09-11 03:00:00,0.0707,0.070041,0.070898,0.069566,6466.60558988
2017-09-11 00:00:00,0.070392,0.070717,0.070917,0.070141,5050.38946269
2017-09-10 21:00:00,0.070435,0.070328,0.07101,0.070272,3958.88104386
2017-09-10 18:00:00,0.070298,0.07038,0.07105,0.070077,5684.7512375
2017-09-10 15:00:00,0.06973,0.070297,0.070401,0.0697,4869.4367359
2017-09-10 12:00:00,0.06898,0.06973,0.069888,0.0689,3733.64504806
2017-09-10 09:00:00,0.069351,0.06898,0.069696,0.068708,3885.97364836
2017-09-10 06:00:00,0.069733,0.069395,0.070057,0.068883,8341.69524275
2017-09-10 03:00:00,0.069951,0.069745,0.070353,0.069602,6478.8400641
2017-09-10 00:00:00,0.070176,0.069951,0.070478,0.0699,4131.20430663
2017-09-09 21:00:00,0.070207,0.070176,0.070486,0.0701,3564.27258976
2017-09-09 18:00:00,0.070126,0.070206,0.070389,0.069966,3463.89485888
2017-09-09 15:00:00,0.070138,0.070126,0.0706,0.070011,2745.65943551
2017-09-09 12:00:00,0.07002,0.070085,0.070749,0.069881,7202.73294341
2017-09-09 09:00:00,0.069771,0.07002,0.070366,0.069325,7646.73825778
2017-09-09 06:00:00,0.0702,0.069753,0.070215,0.069614,3580.13739548
2017-09-09 03:00:00,0.070273,0.0702,0.070398,0.069621,4919.95633681
2017-09-09 00:00:00,0.07071,0.070274,0.070985,0.070042,6462.81113412
2017-09-08 21:00:00,0.07069,0.07071,0.071759,0.070551,7393.02923398
2017-09-08 18:00:00,0.070486,0.070687,0.070897,0.070102,8056.0391801
2017-09-08 15:00:00,0.070011,0.070486,0.071575,0.069262,12763.0778689
2017-09-08 12:00:00,0.07156,0.070011,0.071738,0.069001,14177.9373981
2017-09-08 09:00:00,0.071369,0.071507,0.071856,0.071186,3256.23001024
2017-09-08 06:00:00,0.07198,0.07136,0.07198,0.07122,2518.63628456
2017-09-08 03:00:00,0.072021,0.07195,0.07244,0.07156,4692.30963346
2017-09-08 00:00:00,0.072538,0.071971,0.072573,0.07189,5003.36239525
2017-09-07 21:00:00,0.072478,0.07245,0.072986,0.072404,6663.11403274
2017-09-07 18:00:00,0.072031,0.072477,0.07266,0.071832,5544.85294038
2017-09-07 15:00:00,0.07209,0.072064,0.072805,0.072,7323.36845308
2017-09-07 12:00:00,0.071712,0.072089,0.07209,0.071287,6948.16408778
2017-09-07 09:00:00,0.071798,0.071702,0.07209,0.071276,4173.4337572
2017-09-07 06:00:00,0.072385,0.071791,0.072409,0.071452,3472.0743417
2017-09-07 03:00:00,0.072271,0.072283,0.072651,0.072,2386.59709146
2017-09-07 00:00:00,0.073408,0.072313,0.07351,0.07181,6729.53466361
2017-09-06 21:00:00,0.073476,0.073419,0.073579,0.072921,4297.99753442
2017-09-06 18:00:00,0.073422,0.073414,0.073658,0.072996,4443.93724197
2017-09-06 15:00:00,0.072486,0.073422,0.073934,0.072044,5092.10222924
2017-09-06 12:00:00,0.073083,0.072397,0.07341,0.07233,7358.57213726
2017-09-06 09:00:00,0.073368,0.073071,0.07345,0.072601,7702.52131445
2017-09-06 06:00:00,0.072982,0.07345,0.073903,0.072444,6653.20004537
2017-09-06 03:00:00,0.073888,0.072989,0.07396,0.07209,7625.26039003
2017-09-06 00:00:00,0.072217,0.073887,0.074228,0.072046,7117.67888958
2017-09-05 21:00:00,0.0719,0.07224,0.0746,0.071086,10258.2140791
2017-09-05 18:00:00,0.070847,0.071871,0.07197,0.07078,12020.8229069
2017-09-05 15:00:00,0.07102,0.070835,0.071248,0.06993,9081.23843443
2017-09-05 12:00:00,0.070349,0.07106,0.071649,0.07028,9312.27614259
2017-09-05 09:00:00,0.070294,0.070349,0.071235,0.0695,7511.83028127
2017-09-05 06:00:00,0.06914,0.070284,0.071248,0.06901,7538.76752783
2017-09-05 03:00:00,0.069098,0.069161,0.069778,0.0683,10220.7778662
2017-09-05 00:00:00,0.070478,0.069085,0.071015,0.068125,15285.089627
2017-09-04 21:00:00,0.071741,0.070361,0.072899,0.06988,12608.2831227
2017-09-04 18:00:00,0.06856,0.07177,0.0724,0.066233,18847.6929995
2017-09-04 15:00:00,0.067839,0.06856,0.069299,0.066838,24294.5683096
2017-09-04 12:00:00,0.069896,0.0677,0.070125,0.06713,25218.0635348
2017-09-04 09:00:00,0.07019,0.0697,0.0721,0.069567,14184.9591133
2017-09-04 06:00:00,0.075445,0.070269,0.075445,0.069873,23480.3795582
2017-09-04 03:00:00,0.075872,0.075435,0.076018,0.075401,2951.0646572
2017-09-04 00:00:00,0.076262,0.07586,0.076409,0.075385,3510.33543513
2017-09-03 21:00:00,0.076264,0.076333,0.076477,0.075557,2601.74718349
2017-09-03 18:00:00,0.076546,0.076211,0.077097,0.076,2963.07927828
2017-09-03 15:00:00,0.075859,0.07654,0.076589,0.0752,5126.43845177
2017-09-03 12:00:00,0.0752,0.075751,0.076174,0.07499,6757.35718181
2017-09-03 09:00:00,0.07661,0.0752,0.07669,0.075,6161.29744492
2017-09-03 06:00:00,0.077911,0.07661,0.078449,0.076516,6844.26837319
2017-09-03 03:00:00,0.076105,0.077936,0.07827,0.076104,6250.31367551
2017-09-03 00:00:00,0.076336,0.076134,0.077028,0.075501,6948.73483746
2017-09-02 21:00:00,0.074095,0.076252,0.076334,0.073171,6493.95169268
2017-09-02 18:00:00,0.075465,0.074078,0.07599,0.074,7779.7658727
2017-09-02 15:00:00,0.075579,0.075488,0.076906,0.07483,8241.71240934
2017-09-02 12:00:00,0.0771,0.075745,0.0776,0.075151,12273.295709
2017-09-02 09:00:00,0.077467,0.0771,0.077467,0.076406,8241.0189465
2017-09-02 06:00:00,0.077174,0.077268,0.078938,0.076,11025.1119408
2017-09-02 03:00:00,0.078599,0.077139,0.079276,0.077037,8757.91915096
2017-09-02 00:00:00,0.079546,0.078609,0.07984,0.0777,14535.4237992
2017-09-01 21:00:00,0.080304,0.07955,0.080536,0.079441,5927.39183268
2017-09-01 18:00:00,0.08162,0.080304,0.081659,0.079301,8381.88577843
2017-09-01 15:00:00,0.081491,0.08162,0.082001,0.080892,8358.9996761
2017-09-01 12:00:00,0.0815,0.08145,0.08185,0.08075,6474.09410469
2017-09-01 09:00:00,0.081931,0.0815,0.082199,0.080881,6405.70379088
2017-09-01 06:00:00,0.082608,0.081982,0.082821,0.0819,4489.95159309
2017-09-01 03:00:00,0.082755,0.082532,0.083314,0.082362,4294.60375159
2017-09-01 00:00:00,0.08199,0.082668,0.082989,0.08179,3422.18222174
2017-08-31 21:00:00,0.081892,0.081976,0.082069,0.081334,4806.2600031
2017-08-31 18:00:00,0.08181,0.081892,0.082,0.081163,5714.56941776
2017-08-31 15:00:00,0.082444,0.081776,0.0827,0.08168,6190.8920395
2017-08-31 12:00:00,0.082183,0.08243,0.082798,0.08213,6052.9912175
2017-08-31 09:00:00,0.082765,0.08213,0.08299,0.082081,5865.98273012
2017-08-31 06:00:00,0.082723,0.082741,0.08314,0.082372,3838.85179801
2017-08-31 03:00:00,0.083339,0.082712,0.083409,0.082688,3962.51082579
2017-08-31 00:00:00,0.083698,0.083376,0.083918,0.082377,4331.64850363
2017-08-30 21:00:00,0.084383,0.083704,0.08459,0.083399,5114.33558152
2017-08-30 18:00:00,0.084116,0.084504,0.084822,0.083907,5078.89651461
2017-08-30 15:00:00,0.083097,0.08412,0.08477,0.082902,5741.28467863
2017-08-30 12:00:00,0.082975,0.083086,0.0842,0.082521,7202.23828794
2017-08-30 09:00:00,0.082739,0.08297,0.0832,0.081476,7828.05246104
2017-08-30 06:00:00,0.083,0.082739,0.084579,0.0821,7539.28184317
2017-08-30 03:00:00,0.081336,0.083,0.083,0.081056,4975.84829764
2017-08-30 00:00:00,0.08123,0.081335,0.081459,0.08025,6173.4102263
2017-08-29 21:00:00,0.081049,0.081192,0.081863,0.080601,6177.27134684
2017-08-29 18:00:00,0.081602,0.081129,0.08165,0.080084,9121.67777898
2017-08-29 15:00:00,0.079798,0.0816,0.08219,0.079013,10503.3330357
2017-08-29 12:00:00,0.08195,0.079798,0.083067,0.079008,12040.955066
2017-08-29 09:00:00,0.081899,0.081978,0.0845,0.081212,10904.0300995
2017-08-29 06:00:00,0.081094,0.081899,0.081899,0.08031,8068.52605267
2017-08-29 03:00:00,0.079699,0.081086,0.081123,0.079321,4966.72985604
2017-08-29 00:00:00,0.079351,0.079691,0.07998,0.079262,3829.98382668
2017-08-28 21:00:00,0.079299,0.079384,0.07949,0.078969,4905.20757808
2017-08-28 18:00:00,0.078916,0.07926,0.07949,0.0789,4885.02994903
2017-08-28 15:00:00,0.079765,0.078984,0.08,0.078661,7325.24260059
2017-08-28 12:00:00,0.079062,0.079761,0.080163,0.078759,11257.2631748
2017-08-28 09:00:00,0.0796,0.079161,0.079844,0.0788,3673.15848503
2017-08-28 06:00:00,0.079848,0.079547,0.080295,0.07948,3199.47590043
2017-08-28 03:00:00,0.08098,0.079848,0.08108,0.079227,7459.82861361
2017-08-28 00:00:00,0.080345,0.081036,0.08175,0.08,7712.30100413
2017-08-27 21:00:00,0.077699,0.080345,0.080345,0.077631,7719.34881382
2017-08-27 18:00:00,0.07821,0.077689,0.078399,0.077594,5082.68218029
2017-08-27 15:00:00,0.077285,0.078188,0.078321,0.0771,4481.3169296
2017-08-27 12:00:00,0.07725,0.077317,0.077788,0.076938,6016.67484319
2017-08-27 09:00:00,0.077192,0.077251,0.0779,0.077019,5018.07307254
2017-08-27 06:00:00,0.077108,0.077194,0.07745,0.076661,2559.53255439
2017-08-27 03:00:00,0.076673,0.077136,0.07751,0.076394,3413.36022359
2017-08-27 00:00:00,0.07664,0.076685,0.077599,0.076057,3912.12882937
2017-08-26 21:00:00,0.076374,0.076588,0.07683,0.0759,4747.06948445
2017-08-26 18:00:00,0.077201,0.07635,0.077273,0.07635,2840.28004625
2017-08-26 15:00:00,0.077403,0.077202,0.077506,0.076186,5429.0692123
2017-08-26 12:00:00,0.076454,0.077461,0.078313,0.076378,6123.81753577
2017-08-26 09:00:00,0.0764,0.07646,0.07676,0.076,2354.60501185
2017-08-26 06:00:00,0.07575,0.076364,0.07643,0.075635,3103.10705887
2017-08-26 03:00:00,0.076311,0.075748,0.076799,0.0744,4817.74412608
2017-08-26 00:00:00,0.07562,0.076259,0.07642,0.07532,3025.33030458
2017-08-25 21:00:00,0.076238,0.075624,0.07654,0.075442,2872.61311813
2017-08-25 18:00:00,0.07573,0.076169,0.076494,0.07501,6578.28233246
2017-08-25 15:00:00,0.076296,0.07573,0.076564,0.075246,9553.79010024
2017-08-25 12:00:00,0.076263,0.076343,0.076799,0.076008,6300.54331476
2017-08-25 09:00:00,0.076659,0.076249,0.076747,0.075832,9353.35175098
2017-08-25 06:00:00,0.077301,0.076687,0.077607,0.076441,4600.82530128
2017-08-25 03:00:00,0.075883,0.077285,0.077649,0.075484,7728.18302087
2017-08-25 00:00:00,0.075395,0.075883,0.07589,0.074275,6980.01543955
2017-08-24 21:00:00,0.075983,0.075395,0.076413,0.074191,7681.62565339
2017-08-24 18:00:00,0.076442,0.075941,0.077039,0.075941,7397.37272065
2017-08-24 15:00:00,0.076266,0.076441,0.077,0.0757,8831.39624788
2017-08-24 12:00:00,0.077597,0.076266,0.07906,0.07606,9321.91147191
2017-08-24 09:00:00,0.076309,0.077598,0.0776,0.076302,6106.92949453
2017-08-24 06:00:00,0.076858,0.076369,0.076998,0.076096,6591.27097638
2017-08-24 03:00:00,0.076082,0.076858,0.077178,0.07607,7446.06790354
2017-08-24 00:00:00,0.076557,0.0761,0.076889,0.0753,8617.97117467
2017-08-23 21:00:00,0.076671,0.076557,0.077499,0.076304,7975.20588954
2017-08-23 18:00:00,0.076599,0.076734,0.077778,0.07632,7264.88465018
2017-08-23 15:00:00,0.076347,0.076595,0.0768,0.0753,6215.86568302
2017-08-23 12:00:00,0.075948,0.076324,0.076396,0.074954,6798.97626215
2017-08-23 09:00:00,0.077554,0.075905,0.07761,0.075731,6112.94390893
2017-08-23 06:00:00,0.078281,0.077607,0.0786,0.077488,5027.16574355
2017-08-23 03:00:00,0.077146,0.078433,0.079264,0.07653,6085.15060089
2017-08-23 00:00:00,0.07664,0.077147,0.077455,0.075892,5716.51573291
2017-08-22 21:00:00,0.077286,0.076656,0.078239,0.076103,6691.31294024
2017-08-22 18:00:00,0.079012,0.07722,0.07905,0.075,10336.163275
2017-08-22 15:00:00,0.078801,0.079017,0.081276,0.078542,8826.32743958
2017-08-22 12:00:00,0.079648,0.078786,0.079692,0.077966,6899.56580303
2017-08-22 09:00:00,0.079009,0.079797,0.080205,0.078697,8835.83820968
2017-08-22 06:00:00,0.081489,0.079011,0.081568,0.07803,15928.1113305
2017-08-22 03:00:00,0.081474,0.08144,0.081999,0.080221,9877.22379083
2017-08-22 00:00:00,0.080364,0.081485,0.085,0.079562,15372.1690902
2017-08-21 21:00:00,0.08078,0.080364,0.081232,0.07945,10447.1032293
2017-08-21 18:00:00,0.08266,0.080678,0.08303,0.0801,12038.1710878
2017-08-21 15:00:00,0.083154,0.082674,0.085365,0.081518,14409.663923
2017-08-21 12:00:00,0.0818,0.083151,0.086711,0.080931,22607.3136784
2017-08-21 09:00:00,0.078532,0.0818,0.082489,0.077791,13759.717268
2017-08-21 06:00:00,0.078542,0.078488,0.08306,0.077703,30502.9097099
2017-08-21 03:00:00,0.073463,0.07853,0.078531,0.073347,14017.3821274
2017-08-21 00:00:00,0.073442,0.073484,0.073564,0.072359,7394.50643095
2017-08-20 21:00:00,0.071432,0.073403,0.07367,0.07134,5495.92266729
2017-08-20 18:00:00,0.072131,0.071432,0.07226,0.071,3978.24788923
2017-08-20 15:00:00,0.071985,0.072146,0.072199,0.07137,6744.58220788
2017-08-20 12:00:00,0.071863,0.071957,0.07224,0.07144,3252.57819009
2017-08-20 09:00:00,0.071183,0.071862,0.072,0.07105,4856.5841669
2017-08-20 06:00:00,0.070978,0.071187,0.071817,0.070652,3978.62752535
2017-08-20 03:00:00,0.07088,0.070978,0.0716,0.07067,3858.6855487
2017-08-20 00:00:00,0.07067,0.070919,0.071463,0.070278,6441.38975438
2017-08-19 21:00:00,0.071042,0.070691,0.07127,0.070002,7557.84218373
2017-08-19 18:00:00,0.072341,0.07109,0.072618,0.070895,8055.18193558
2017-08-19 15:00:00,0.070474,0.072396,0.0725,0.07,12270.3538972
2017-08-19 12:00:00,0.071269,0.070616,0.071707,0.07,10634.8847741
2017-08-19 09:00:00,0.071855,0.071254,0.072008,0.07092,8008.10149846
2017-08-19 06:00:00,0.072501,0.071761,0.073433,0.071303,7224.40918279
2017-08-19 03:00:00,0.07145,0.0725,0.07255,0.07103,5735.21856334
2017-08-19 00:00:00,0.071223,0.07145,0.071868,0.07085,3538.14584752
2017-08-18 21:00:00,0.072598,0.071223,0.07317,0.07043,6807.00840424
2017-08-18 18:00:00,0.070922,0.072447,0.072599,0.070001,7569.44335936
2017-08-18 15:00:00,0.070259,0.070912,0.071269,0.070081,5628.16505638
2017-08-18 12:00:00,0.0709,0.070258,0.070996,0.069823,4648.30323072
2017-08-18 09:00:00,0.070944,0.070861,0.071236,0.07021,4301.80425738
2017-08-18 06:00:00,0.070623,0.070944,0.071535,0.07055,8535.10405883
2017-08-18 03:00:00,0.070667,0.070631,0.071077,0.07015,8315.71276453
2017-08-18 00:00:00,0.070141,0.070679,0.070775,0.069131,12222.3707445
2017-08-17 21:00:00,0.070152,0.070099,0.070392,0.069747,6154.84948446
2017-08-17 18:00:00,0.070539,0.070194,0.07141,0.069541,10734.293488
2017-08-17 15:00:00,0.068783,0.070483,0.070555,0.068578,9975.9942491
2017-08-17 12:00:00,0.069622,0.068776,0.069949,0.06853,7504.89550885
2017-08-17 09:00:00,0.07092,0.069605,0.071108,0.068894,5698.56689378
2017-08-17 06:00:00,0.070172,0.07091,0.071082,0.069901,6749.06099648
2017-08-17 03:00:00,0.069594,0.070154,0.070567,0.069482,3236.40504971
2017-08-17 00:00:00,0.068741,0.06952,0.070522,0.068561,5641.11052582
2017-08-16 21:00:00,0.068878,0.06871,0.070217,0.06848,5027.5325425
2017-08-16 18:00:00,0.070205,0.068878,0.070857,0.068695,4700.12756006
2017-08-16 15:00:00,0.072947,0.070204,0.07303,0.068568,8423.84613557
2017-08-16 12:00:00,0.07245,0.07294,0.07399,0.0716,7553.66724801
2017-08-16 09:00:00,0.0691,0.0724,0.0735,0.0689,8278.51934945
2017-08-16 06:00:00,0.071061,0.06894,0.071237,0.068866,7149.87861779
2017-08-16 03:00:00,0.070172,0.07105,0.071334,0.070033,3842.38363217
2017-08-16 00:00:00,0.068778,0.070141,0.070192,0.068566,3963.10733271
2017-08-15 21:00:00,0.06951,0.068762,0.06956,0.067835,5439.24486284
2017-08-15 18:00:00,0.069678,0.06951,0.070111,0.0689,7649.91020491
2017-08-15 15:00:00,0.070517,0.069735,0.071029,0.068838,8959.09883632
2017-08-15 12:00:00,0.06972,0.070721,0.071846,0.069199,10687.3923084
2017-08-15 09:00:00,0.06913,0.06964,0.071411,0.068648,9752.3732612
2017-08-15 06:00:00,0.06663,0.069091,0.069196,0.066531,8064.74858775
2017-08-15 03:00:00,0.066561,0.06663,0.06748,0.065629,11234.6418605
2017-08-15 00:00:00,0.069024,0.0664,0.069103,0.06602,14516.6016852
2017-08-14 21:00:00,0.070264,0.069168,0.070543,0.069,5591.83335922
2017-08-14 18:00:00,0.069362,0.070361,0.071849,0.069001,7596.478106
2017-08-14 15:00:00,0.070153,0.069358,0.07115,0.06851,9734.23882946
2017-08-14 12:00:00,0.072559,0.07012,0.072912,0.069126,6422.73478683
2017-08-14 09:00:00,0.072619,0.072559,0.073435,0.07099,7075.9439522
2017-08-14 06:00:00,0.075201,0.072624,0.075518,0.072555,3697.63016879
2017-08-14 03:00:00,0.074723,0.075201,0.076242,0.074124,3997.89438096
2017-08-14 00:00:00,0.073084,0.074747,0.075381,0.072,7826.53586663
2017-08-13 21:00:00,0.073717,0.073072,0.073893,0.071808,6592.48718674
2017-08-13 18:00:00,0.072602,0.073715,0.073874,0.072055,6718.55910896
2017-08-13 15:00:00,0.07287,0.072621,0.07465,0.072088,6505.85220339
2017-08-13 12:00:00,0.07326,0.07298,0.075382,0.072088,7302.92569342
2017-08-13 09:00:00,0.071667,0.073285,0.07443,0.070395,11127.2736802
2017-08-13 06:00:00,0.073724,0.07163,0.073786,0.068755,19396.4454944
2017-08-13 03:00:00,0.074114,0.073737,0.076207,0.072432,12379.3147456
2017-08-13 00:00:00,0.07945,0.074051,0.079705,0.068342,27998.8086565
2017-08-12 21:00:00,0.081315,0.079545,0.081334,0.07944,3980.60087595
2017-08-12 18:00:00,0.081296,0.081313,0.081984,0.080129,6162.65096905
2017-08-12 15:00:00,0.082945,0.081399,0.0832,0.080182,8829.57780022
2017-08-12 12:00:00,0.082538,0.0831,0.083542,0.082116,3798.88615424
2017-08-12 09:00:00,0.082814,0.082469,0.083148,0.082,3541.07584615
2017-08-12 06:00:00,0.084781,0.082817,0.08495,0.08218,5822.49094504
2017-08-12 03:00:00,0.086,0.084905,0.086093,0.084611,4792.23026257
2017-08-12 00:00:00,0.084658,0.086,0.087364,0.084496,5883.73924037
2017-08-11 21:00:00,0.084075,0.084657,0.085002,0.08296,5954.5175894
2017-08-11 18:00:00,0.085621,0.084075,0.085784,0.083893,4326.72899368
2017-08-11 15:00:00,0.084235,0.085621,0.0864,0.083741,9543.31656563
2017-08-11 12:00:00,0.086059,0.084289,0.086065,0.083563,8522.84479772
2017-08-11 09:00:00,0.08631,0.085944,0.0866,0.085531,4794.02327055
2017-08-11 06:00:00,0.087313,0.08628,0.087428,0.08598,4008.01153955
2017-08-11 03:00:00,0.08798,0.087323,0.088408,0.087185,2805.99804345
2017-08-11 00:00:00,0.086949,0.08798,0.088412,0.086569,4165.19837511
2017-08-10 21:00:00,0.0884,0.086944,0.0888,0.086,6240.2978806
2017-08-10 18:00:00,0.089764,0.088407,0.090064,0.087966,4314.45778645
2017-08-10 15:00:00,0.08863,0.089764,0.09003,0.08846,3963.03852053
2017-08-10 12:00:00,0.08992,0.08863,0.090649,0.088606,5808.64239152
2017-08-10 09:00:00,0.087715,0.08989,0.089997,0.087575,3145.80946417
2017-08-10 06:00:00,0.088595,0.08771,0.088698,0.087324,3080.62850386
2017-08-10 03:00:00,0.087271,0.088595,0.08864,0.087149,3625.5313275
2017-08-10 00:00:00,0.08825,0.087297,0.089385,0.086628,2759.3521757
2017-08-09 21:00:00,0.089832,0.08827,0.091026,0.088226,6357.68745794
2017-08-09 18:00:00,0.088991,0.089833,0.0905,0.0882,5349.17443406
2017-08-09 15:00:00,0.086117,0.088991,0.088991,0.085907,8065.92221449
2017-08-09 12:00:00,0.08941,0.086117,0.089737,0.084941,9109.19903567
2017-08-09 09:00:00,0.08905,0.089527,0.0908,0.08565,14986.4300431
2017-08-09 06:00:00,0.091479,0.089111,0.092201,0.08834,9299.81668711
2017-08-09 03:00:00,0.091162,0.09148,0.09371,0.089953,15590.7317026
2017-08-09 00:00:00,0.086749,0.091162,0.09374,0.08652,21041.739405
2017-08-08 21:00:00,0.085815,0.08654,0.087796,0.08535,14194.5299639
2017-08-08 18:00:00,0.084273,0.085909,0.085951,0.083709,9121.36340641
2017-08-08 15:00:00,0.084827,0.084449,0.08674,0.084,9315.17214091
2017-08-08 12:00:00,0.08089,0.084969,0.085141,0.080671,10305.3876962
2017-08-08 09:00:00,0.078635,0.080965,0.08194,0.07863,5570.7261179
2017-08-08 06:00:00,0.078802,0.07863,0.0793,0.0785,3442.55420334
2017-08-08 03:00:00,0.079188,0.078928,0.079694,0.078473,7005.0711288
2017-08-08 00:00:00,0.079466,0.079179,0.0798,0.078966,4937.56176321
2017-08-07 21:00:00,0.079337,0.079466,0.079718,0.078755,3884.28390493
2017-08-07 18:00:00,0.080408,0.07927,0.08068,0.079032,6747.99090032
2017-08-07 15:00:00,0.080423,0.080409,0.080889,0.079267,6078.59798335
2017-08-07 12:00:00,0.080684,0.080442,0.080784,0.079381,5249.47223018
2017-08-07 09:00:00,0.08015,0.080747,0.081289,0.079931,6773.05547487
2017-08-07 06:00:00,0.08122,0.080192,0.081503,0.07984,3075.6610551
2017-08-07 03:00:00,0.081038,0.08115,0.0825,0.080994,2822.3408777
2017-08-07 00:00:00,0.082008,0.081039,0.082492,0.080129,4964.92919569
2017-08-06 21:00:00,0.083104,0.081818,0.083618,0.0818,11347.7793123
2017-08-06 18:00:00,0.0809,0.083088,0.083088,0.080653,8022.21671517
2017-08-06 15:00:00,0.079963,0.080966,0.081439,0.079832,5117.70093447
2017-08-06 12:00:00,0.081298,0.07995,0.081298,0.079169,4435.0842497
2017-08-06 09:00:00,0.08,0.081281,0.081327,0.079856,2762.30191125
2017-08-06 06:00:00,0.07947,0.08011,0.0811,0.079,3912.07866119
2017-08-06 03:00:00,0.080764,0.079496,0.080866,0.079,4228.72523618
2017-08-06 00:00:00,0.077912,0.080622,0.081688,0.07731,10226.6369312
2017-08-05 21:00:00,0.077284,0.077912,0.078069,0.076216,6115.89721154
2017-08-05 18:00:00,0.076892,0.077285,0.077544,0.075142,8639.90327553
2017-08-05 15:00:00,0.0755,0.07709,0.078549,0.074301,8999.54417547
2017-08-05 12:00:00,0.0761,0.0755,0.07688,0.075204,5665.86031827
2017-08-05 09:00:00,0.07389,0.0761,0.077592,0.072338,8657.68956317
2017-08-05 06:00:00,0.07345,0.073951,0.075445,0.072561,6717.57223425
2017-08-05 03:00:00,0.075464,0.073431,0.075499,0.07125,13044.3388891
2017-08-05 00:00:00,0.0773,0.075464,0.077409,0.0752,7897.62210917
2017-08-04 21:00:00,0.078032,0.07722,0.078629,0.07701,5315.09798684
2017-08-04 18:00:00,0.077442,0.078079,0.0785,0.0771,4676.47769493
2017-08-04 15:00:00,0.077719,0.077442,0.078046,0.077248,5689.09191438
2017-08-04 12:00:00,0.078409,0.077729,0.07863,0.077017,6646.2568399
2017-08-04 09:00:00,0.079155,0.0784,0.07951,0.075431,17923.6676995
2017-08-04 06:00:00,0.080518,0.079138,0.081027,0.0789,6855.12354802
2017-08-04 03:00:00,0.080961,0.0805,0.081444,0.0805,2970.18971369
2017-08-04 00:00:00,0.080635,0.081373,0.08179,0.080108,4909.95706698
2017-08-03 21:00:00,0.080545,0.080615,0.080803,0.08,6240.65350233
2017-08-03 18:00:00,0.081,0.080546,0.081079,0.080199,3985.37662663
2017-08-03 15:00:00,0.081921,0.081048,0.08208,0.0802,7728.51180564
2017-08-03 12:00:00,0.082948,0.08208,0.083872,0.081586,8266.96739182
2017-08-03 09:00:00,0.081736,0.082948,0.08483,0.08138,9057.51456594
2017-08-03 06:00:00,0.081159,0.08169,0.08247,0.080863,4173.3099896
2017-08-03 03:00:00,0.08062,0.081159,0.081159,0.08,3842.38488618
2017-08-03 00:00:00,0.080568,0.08062,0.081014,0.080299,2986.7930899
2017-08-02 21:00:00,0.080908,0.080521,0.081998,0.080361,2630.61718215
2017-08-02 18:00:00,0.082109,0.080907,0.08214,0.0806,3283.43765938
2017-08-02 15:00:00,0.081049,0.0819,0.082636,0.080063,7293.96963835
2017-08-02 12:00:00,0.080421,0.081049,0.081959,0.079402,9365.49992412
2017-08-02 09:00:00,0.082499,0.08036,0.0825,0.07992,9130.26020739
2017-08-02 06:00:00,0.082179,0.08249,0.082591,0.0811,6081.56419729
2017-08-02 03:00:00,0.08267,0.082273,0.08324,0.08183,3804.76471708
2017-08-02 00:00:00,0.082875,0.082679,0.084246,0.081181,12801.0319415
2017-08-01 21:00:00,0.083998,0.08288,0.08421,0.0811,5795.5477244
2017-08-01 18:00:00,0.080921,0.083999,0.085,0.079891,13569.1595049
2017-08-01 15:00:00,0.080552,0.08093,0.08179,0.07976,17548.8268856
2017-08-01 12:00:00,0.0752,0.081109,0.08249,0.075,35317.4700202
2017-08-01 09:00:00,0.078999,0.075196,0.07921,0.073076,19710.0924487
2017-08-01 06:00:00,0.07559,0.079,0.07935,0.075301,17434.1072854
2017-08-01 03:00:00,0.07228,0.076077,0.07627,0.07208,8880.68287164
2017-08-01 00:00:00,0.070639,0.07229,0.073972,0.070351,16638.3842789
2017-07-31 21:00:00,0.069169,0.07027,0.071,0.069041,13285.4057521
2017-07-31 18:00:00,0.0708,0.0692,0.072,0.068331,9193.86308979
2017-07-31 15:00:00,0.069506,0.0708,0.070942,0.069506,9049.95435648
2017-07-31 12:00:00,0.068724,0.06949,0.070528,0.067,12376.9532967
2017-07-31 09:00:00,0.0706,0.068724,0.071639,0.068494,8354.10160219
2017-07-31 06:00:00,0.071528,0.0706,0.07274,0.0704,9404.20132787
2017-07-31 03:00:00,0.071921,0.071528,0.072362,0.07147,3919.73330474
2017-07-31 00:00:00,0.070872,0.071931,0.07201,0.070302,7269.39777503
2017-07-30 21:00:00,0.07249,0.070961,0.072739,0.07039,10962.5598858
2017-07-30 18:00:00,0.072452,0.072501,0.073539,0.071969,8998.29121303
2017-07-30 15:00:00,0.073517,0.072432,0.073517,0.071461,6104.05620633
2017-07-30 12:00:00,0.075462,0.07333,0.075899,0.072483,6869.07053929
2017-07-30 09:00:00,0.073782,0.07548,0.075731,0.07356,5136.49830939
2017-07-30 06:00:00,0.074501,0.073782,0.074761,0.07351,6704.43420249
2017-07-30 03:00:00,0.074199,0.074503,0.075819,0.074091,6501.61327663
2017-07-30 00:00:00,0.075951,0.07421,0.078045,0.073398,9603.94869808
2017-07-29 21:00:00,0.072449,0.075853,0.078548,0.07126,13640.660152
2017-07-29 18:00:00,0.068734,0.07245,0.074189,0.06866,14446.2773529
2017-07-29 15:00:00,0.067338,0.068731,0.069152,0.066982,5368.53839212
2017-07-29 12:00:00,0.067911,0.06738,0.06871,0.067064,5757.81004922
2017-07-29 09:00:00,0.066881,0.067901,0.067901,0.066,11763.6738612
2017-07-29 06:00:00,0.06755,0.066922,0.06813,0.066461,13122.9753777
2017-07-29 03:00:00,0.069237,0.067449,0.06924,0.067006,9026.32057151
2017-07-29 00:00:00,0.068598,0.069011,0.069596,0.06805,5695.56882575
2017-07-28 21:00:00,0.070689,0.068542,0.070784,0.068,12259.4611615
2017-07-28 18:00:00,0.069937,0.070701,0.071114,0.069451,8816.8533783
2017-07-28 15:00:00,0.07065,0.069937,0.071901,0.06941,15831.7526655
2017-07-28 12:00:00,0.0673,0.07065,0.07079,0.0673,45166.0441914
2017-07-28 09:00:00,0.072261,0.0673,0.07301,0.0671,25212.5754678
2017-07-28 06:00:00,0.07561,0.072263,0.075684,0.071951,16408.686518
2017-07-28 03:00:00,0.075437,0.07555,0.075889,0.074781,8309.52656682
2017-07-28 00:00:00,0.076217,0.075305,0.07623,0.074658,11032.4767118
2017-07-27 21:00:00,0.077118,0.076222,0.0772,0.07599,19052.0565434
2017-07-27 18:00:00,0.078,0.077118,0.078,0.07706,9094.17323773
2017-07-27 15:00:00,0.07854,0.07796,0.0787,0.077952,13145.5776208
2017-07-27 12:00:00,0.079408,0.07854,0.079479,0.07848,7627.0588818
2017-07-27 09:00:00,0.079093,0.07942,0.079547,0.07902,2002.80527115
2017-07-27 06:00:00,0.078562,0.07909,0.079203,0.078562,2862.00402215
2017-07-27 03:00:00,0.079145,0.078562,0.079546,0.078542,9862.49679623
2017-07-27 00:00:00,0.080333,0.079145,0.080514,0.078961,4682.03203659
2017-07-26 21:00:00,0.08034,0.080333,0.08087,0.08018,5357.80614711
2017-07-26 18:00:00,0.08039,0.08034,0.080726,0.07991,3155.37568892
2017-07-26 15:00:00,0.080164,0.0804,0.080749,0.079564,6548.25331509
2017-07-26 12:00:00,0.080668,0.08012,0.081,0.080071,4704.6642757
2017-07-26 09:00:00,0.07972,0.08073,0.080745,0.07859,5679.8251383
2017-07-26 06:00:00,0.07874,0.079656,0.080749,0.07858,2793.82347863
2017-07-26 03:00:00,0.079223,0.07874,0.080166,0.078001,5686.46159184
2017-07-26 00:00:00,0.079302,0.079235,0.0808,0.078501,8603.59504886
2017-07-25 21:00:00,0.078056,0.079419,0.08091,0.077156,8884.55746934
2017-07-25 18:00:00,0.0803,0.077769,0.08049,0.07601,11129.6033667
2017-07-25 15:00:00,0.080396,0.080301,0.080703,0.079788,4692.67937127
2017-07-25 12:00:00,0.07995,0.080396,0.080847,0.0795,6033.36386667
2017-07-25 09:00:00,0.079942,0.07994,0.081487,0.0792,6704.32169318
2017-07-25 06:00:00,0.080976,0.079932,0.081682,0.079078,6915.93229121
2017-07-25 03:00:00,0.081399,0.080865,0.081502,0.080337,4522.12237426
2017-07-25 00:00:00,0.081872,0.0814,0.081872,0.080856,5341.98127311
2017-07-24 21:00:00,0.081802,0.081882,0.082,0.081491,2359.40815529
2017-07-24 18:00:00,0.082304,0.081792,0.082338,0.081503,7024.58535297
2017-07-24 15:00:00,0.081944,0.082204,0.082392,0.081835,3364.81301392
2017-07-24 12:00:00,0.082319,0.081998,0.082444,0.08173,4965.30981255
2017-07-24 09:00:00,0.082184,0.08232,0.082778,0.082,5355.04175923
2017-07-24 06:00:00,0.082594,0.082228,0.082909,0.082228,3776.22322713
2017-07-24 03:00:00,0.083091,0.082689,0.083308,0.081754,6774.848755
2017-07-24 00:00:00,0.083159,0.083091,0.083509,0.082642,4349.72481308
2017-07-23 21:00:00,0.08322,0.083165,0.084223,0.082774,6514.47658099
2017-07-23 18:00:00,0.08299,0.08322,0.0839,0.082301,5661.8807666
2017-07-23 15:00:00,0.08233,0.08299,0.083094,0.082149,3240.98223083
2017-07-23 12:00:00,0.081946,0.08226,0.083463,0.08175,4324.7873655
2017-07-23 09:00:00,0.082045,0.082018,0.083,0.08173,5587.75137245
2017-07-23 06:00:00,0.081618,0.08205,0.082134,0.080938,4748.73397153
2017-07-23 03:00:00,0.082305,0.081618,0.08239,0.08079,7331.72603647
2017-07-23 00:00:00,0.081796,0.08228,0.082761,0.080661,4476.84282696
2017-07-22 21:00:00,0.080622,0.081795,0.084387,0.080448,8269.88439379
2017-07-22 18:00:00,0.07956,0.08042,0.08109,0.079457,3056.41213859
2017-07-22 15:00:00,0.08085,0.079519,0.080853,0.079454,2741.64031074
2017-07-22 12:00:00,0.08003,0.080881,0.08136,0.079865,5567.99751172
2017-07-22 09:00:00,0.079721,0.080201,0.080395,0.079296,3369.43341854
2017-07-22 06:00:00,0.081439,0.079634,0.0816,0.079484,4874.71188514
2017-07-22 03:00:00,0.081903,0.081391,0.08238,0.08115,5180.64794503
2017-07-22 00:00:00,0.081312,0.081925,0.082484,0.080807,3282.823246
2017-07-21 21:00:00,0.0799,0.081312,0.082419,0.079815,7088.20578754
2017-07-21 18:00:00,0.081525,0.079897,0.083734,0.079356,14836.8676301
2017-07-21 15:00:00,0.0818,0.081525,0.082929,0.08058,4488.34466693
2017-07-21 12:00:00,0.082072,0.08175,0.082992,0.080866,7061.87241146
2017-07-21 09:00:00,0.084605,0.082091,0.08569,0.082003,5231.17212097
2017-07-21 06:00:00,0.082399,0.084595,0.087365,0.081881,8197.38607321
2017-07-21 03:00:00,0.08364,0.0824,0.0857,0.08188,7568.18058633
2017-07-21 00:00:00,0.07946,0.08364,0.083679,0.07808,10072.7159962
2017-07-20 21:00:00,0.08412,0.0795,0.08412,0.073373,26616.2947383
2017-07-20 18:00:00,0.086102,0.08412,0.086486,0.084119,8096.85972091
2017-07-20 15:00:00,0.08818,0.086131,0.088655,0.085479,12025.985771
2017-07-20 12:00:00,0.091361,0.08818,0.09142,0.08818,10414.9339004
2017-07-20 09:00:00,0.089008,0.090715,0.092133,0.088651,8845.34992954
2017-07-20 06:00:00,0.090338,0.089009,0.090439,0.087394,8836.35777041
2017-07-20 03:00:00,0.093809,0.090337,0.095,0.088001,12844.8818358
2017-07-20 00:00:00,0.086401,0.094114,0.09499,0.086002,15395.0368746
2017-07-19 21:00:00,0.090231,0.086401,0.09218,0.083295,15195.5368513
2017-07-19 18:00:00,0.095992,0.090215,0.096062,0.086294,32998.5076328
2017-07-19 15:00:00,0.096415,0.096099,0.098889,0.095763,7119.12577467
2017-07-19 12:00:00,0.097862,0.096615,0.097878,0.093953,10653.8926046
2017-07-19 09:00:00,0.09824,0.097862,0.099933,0.096986,7533.62169315
2017-07-19 06:00:00,0.1005,0.097987,0.10281,0.097875,8671.36579271
2017-07-19 03:00:00,0.094924,0.10053,0.10145,0.094611,11653.2993212
2017-07-19 00:00:00,0.098529,0.094927,0.099459,0.093563,10763.8197093
2017-07-18 21:00:00,0.10488,0.098529,0.10488,0.095755,25802.3270282
2017-07-18 18:00:00,0.088913,0.10498,0.10999,0.088791,40714.5367308
2017-07-18 15:00:00,0.088762,0.088746,0.090986,0.08752,15474.7909268
2017-07-18 12:00:00,0.084041,0.088761,0.08879,0.083329,6210.2139853
2017-07-18 09:00:00,0.084299,0.08404,0.085499,0.083879,5510.84821404
2017-07-18 06:00:00,0.084865,0.084288,0.085697,0.08395,6327.88355991
2017-07-18 03:00:00,0.084467,0.084838,0.084887,0.082691,5212.57923453
2017-07-18 00:00:00,0.085468,0.084446,0.086298,0.083841,5585.61451444
2017-07-17 21:00:00,0.083961,0.085465,0.085894,0.08305,6854.74461302
2017-07-17 18:00:00,0.082417,0.083864,0.085038,0.081652,5991.46603359
2017-07-17 15:00:00,0.08395,0.08223,0.084937,0.081501,7248.71712038
