MTS,OPEN,CLOSE,HIGH,LOW,VOLUME
2017-11-19 13:00:00,7.9675,8.084,8.0952,7.9675,5752.524748
2017-11-19 12:00:00,8.024,7.9675,8.0648,7.95,27598.9286362
2017-11-19 11:00:00,8.0607,8.01,8.0608,7.9826,14015.5089648
2017-11-19 10:00:00,8.0771,8.05,8.1249,8.0201,26084.9307867
2017-11-19 09:00:00,8.0531,8.0893,8.2,8.001,26249.0221762
2017-11-19 08:00:00,8.0972,8.0306,8.1636,7.95,56366.016561
2017-11-19 07:00:00,8.2198,8.072,8.2201,8.044,37495.2489569
2017-11-19 06:00:00,8.15,8.1881,8.24,8.1005,61390.9772435
2017-11-19 05:00:00,8.0992,8.15,8.15,8.0713,12376.3024342
2017-11-19 04:00:00,8.0658,8.104,8.1135,8.0499,11391.6463101
2017-11-19 03:00:00,8.0638,8.0484,8.1484,8.02,20665.614159
2017-11-19 02:00:00,8.0886,8.0658,8.12,8.0185,39549.7539634
2017-11-19 01:00:00,7.9231,8.0886,8.11,7.923,18000.5154759
2017-11-19 00:00:00,7.9212,7.927,7.9796,7.915,32727.9678232
2017-11-18 23:00:00,7.9506,7.9212,8.0,7.915,42254.5223565
2017-11-18 22:00:00,7.943,7.9485,8.0201,7.901,39056.1598917
2017-11-18 21:00:00,8.1282,7.943,8.197,7.92,72088.7909022
2017-11-18 20:00:00,8.1109,8.1549,8.23,8.088,27787.5445621
2017-11-18 19:00:00,8.11,8.1118,8.16,8.0361,17663.7962269
2017-11-18 18:00:00,8.0684,8.1099,8.1689,8.003,94025.4670576
2017-11-18 17:00:00,8.18,8.0684,8.25,8.01,61697.0208468
2017-11-18 16:00:00,8.3374,8.1884,8.387,8.0599,82786.0639954
2017-11-18 15:00:00,8.2179,8.3549,8.387,8.1547,79626.1416668
2017-11-18 14:00:00,8.5056,8.2019,8.5584,8.01,366654.189684
2017-11-18 13:00:00,8.185,8.5046,8.637,8.185,405716.823303
2017-11-18 12:00:00,8.23,8.1893,8.25,8.05,97405.4255441
2017-11-18 11:00:00,8.05,8.2355,8.2355,7.98,173627.770417
2017-11-18 10:00:00,8.03,8.0565,8.1,7.7,120137.929363
2017-11-18 09:00:00,8.0101,8.04,8.1768,7.96,158676.88964
2017-11-18 08:00:00,7.8,8.054,8.055,7.8,236543.77851
2017-11-18 07:00:00,7.5228,7.8001,7.8172,7.518,114494.859324
2017-11-18 06:00:00,7.6533,7.5511,7.6533,7.5125,15399.7677984
2017-11-18 05:00:00,7.5534,7.6658,7.7199,7.5,70732.1305024
2017-11-18 04:00:00,7.5403,7.5545,7.621,7.4207,19164.8180944
2017-11-18 03:00:00,7.4672,7.5316,7.6,7.382,46046.6623435
2017-11-18 02:00:00,7.5484,7.5046,7.6524,7.45,24499.1598052
2017-11-18 01:00:00,7.6999,7.55,7.7499,7.5176,36377.7292067
2017-11-18 00:00:00,7.6493,7.7099,7.8,7.4933,72843.3268321
2017-11-17 23:00:00,7.4059,7.6301,7.6301,7.281,45935.4074364
2017-11-17 22:00:00,7.4319,7.415,7.5,7.35,28671.2090329
2017-11-17 21:00:00,7.5091,7.3976,7.6539,7.2865,79694.2172767
2017-11-17 20:00:00,7.513,7.57,7.8,7.25,197757.551632
2017-11-17 19:00:00,7.494,7.5351,7.5674,7.3876,58983.8306706
2017-11-17 18:00:00,7.3265,7.494,7.4941,7.311,69216.9643828
2017-11-17 17:00:00,7.2643,7.3265,7.3265,7.233,16782.4701186
2017-11-17 16:00:00,7.3901,7.25,7.4072,7.241,29892.1443438
2017-11-17 15:00:00,7.2339,7.3901,7.4349,7.2258,62074.36968
2017-11-17 14:00:00,7.2198,7.2224,7.28,7.2055,7649.66241883
2017-11-17 13:00:00,7.2799,7.2044,7.2999,7.2044,9632.38742284
2017-11-17 12:00:00,7.3156,7.2459,7.3611,7.2066,18012.1855112
2017-11-17 11:00:00,7.334,7.3247,7.35,7.2861,8085.18249206
2017-11-17 10:00:00,7.2759,7.3323,7.35,7.2317,14648.2287221
2017-11-17 09:00:00,7.2039,7.255,7.2772,7.1977,6855.63331207
2017-11-17 08:00:00,7.1527,7.2038,7.28,7.1101,18688.6504254
2017-11-17 07:00:00,7.3979,7.15,7.4005,7.1472,39139.1856282
2017-11-17 06:00:00,7.349,7.399,7.435,7.33,17739.5769626
2017-11-17 05:00:00,7.2323,7.3675,7.3977,7.215,33229.5463997
2017-11-17 04:00:00,7.19,7.224,7.2939,7.155,10066.3707992
2017-11-17 03:00:00,7.2664,7.19,7.3,7.19,15629.5926925
2017-11-17 02:00:00,7.1263,7.24,7.2897,7.126,18731.3991659
2017-11-17 01:00:00,7.19,7.1325,7.2999,7.082,28393.4635366
2017-11-17 00:00:00,7.191,7.1818,7.216,7.0877,23252.4971075
2017-11-16 23:00:00,7.2411,7.191,7.2857,7.1,47882.0471927
2017-11-16 22:00:00,7.2646,7.2308,7.398,7.1318,40477.0066592
2017-11-16 21:00:00,7.3271,7.2413,7.3272,7.1097,96479.3057851
2017-11-16 20:00:00,7.3015,7.3086,7.3398,7.259,21496.1728581
2017-11-16 19:00:00,7.31,7.3015,7.36,7.2897,18169.2980488
2017-11-16 18:00:00,7.4268,7.3099,7.4506,7.3081,27370.5186321
2017-11-16 17:00:00,7.4568,7.4508,7.4807,7.404,15026.4776001
2017-11-16 16:00:00,7.3715,7.4202,7.4608,7.36,24544.2009112
2017-11-16 15:00:00,7.3557,7.3932,7.4,7.3106,16344.6969125
2017-11-16 14:00:00,7.3055,7.3542,7.3595,7.2861,27807.2293074
2017-11-16 13:00:00,7.4534,7.3165,7.4661,7.3,30407.455268
2017-11-16 12:00:00,7.4501,7.465,7.5,7.4303,10852.4358122
2017-11-16 11:00:00,7.2874,7.4501,7.49,7.2811,21495.6066525
2017-11-16 10:00:00,7.37,7.3289,7.45,7.2501,38614.8616226
2017-11-16 09:00:00,7.412,7.3701,7.4355,7.3,36211.5097529
2017-11-16 08:00:00,7.5074,7.4153,7.5499,7.4,42070.6404625
2017-11-16 07:00:00,7.5797,7.4907,7.5797,7.4798,13068.5136731
2017-11-16 06:00:00,7.65,7.5799,7.6807,7.5389,22359.8713977
2017-11-16 05:00:00,7.6201,7.65,7.65,7.55,15660.4878108
2017-11-16 04:00:00,7.6235,7.6201,7.6364,7.5562,7043.39181732
2017-11-16 03:00:00,7.6,7.6243,7.6243,7.4521,23716.664057
2017-11-16 02:00:00,7.5,7.5742,7.6,7.4864,13102.0634176
2017-11-16 01:00:00,7.6126,7.4995,7.6127,7.47,13699.4828225
2017-11-16 00:00:00,7.71,7.6114,7.7294,7.544,29031.8505886
2017-11-15 23:00:00,7.6388,7.71,7.7401,7.6,14840.2326306
2017-11-15 22:00:00,7.6319,7.6321,7.699,7.581,18356.1171885
2017-11-15 21:00:00,7.6112,7.65,7.65,7.5813,10965.3025004
2017-11-15 20:00:00,7.565,7.6165,7.69,7.514,20101.67928
2017-11-15 19:00:00,7.6387,7.565,7.65,7.4513,26585.6052849
2017-11-15 18:00:00,7.5301,7.5987,7.644,7.4766,45117.9091022
2017-11-15 17:00:00,7.442,7.53,7.5421,7.43,21143.7731476
2017-11-15 16:00:00,7.3573,7.43,7.497,7.25,56007.7865413
2017-11-15 15:00:00,7.4805,7.35,7.568,7.35,53381.9958794
2017-11-15 14:00:00,7.5258,7.4789,7.6489,7.45,21104.1775403
2017-11-15 13:00:00,7.5401,7.52,7.6045,7.45,73505.4498198
2017-11-15 12:00:00,7.7763,7.53,7.7763,7.52,108649.808609
2017-11-15 11:00:00,7.8178,7.7591,7.8597,7.75,30772.5217088
2017-11-15 10:00:00,7.831,7.8065,7.8548,7.7735,17605.1972033
2017-11-15 09:00:00,7.8999,7.831,7.99,7.831,22191.4043687
2017-11-15 08:00:00,7.8498,7.8844,7.994,7.8141,24808.2235589
2017-11-15 07:00:00,8.0,7.8265,8.058,7.7901,84606.3061199
2017-11-15 06:00:00,7.9099,8.0,8.0,7.875,42943.6965876
2017-11-15 05:00:00,7.708,7.8803,7.999,7.7,80182.9820001
2017-11-15 04:00:00,7.7755,7.709,7.8,7.6356,26066.2247352
2017-11-15 03:00:00,7.8507,7.77,7.8507,7.731,15036.7097118
2017-11-15 02:00:00,7.7202,7.8704,7.8704,7.6955,18611.5957414
2017-11-15 01:00:00,7.7429,7.729,7.778,7.711,8119.81404115
2017-11-15 00:00:00,7.8556,7.7189,7.8762,7.71,49513.6381988
2017-11-14 23:00:00,7.8121,7.8556,7.8556,7.63,30320.2857448
2017-11-14 22:00:00,7.7501,7.8129,7.9118,7.6671,102727.148022
2017-11-14 21:00:00,7.7162,7.75,7.7711,7.5501,72953.3969088
2017-11-14 20:00:00,7.6,7.7463,7.768,7.5755,92764.8936389
2017-11-14 19:00:00,7.5604,7.6075,7.6089,7.4768,26557.3485948
2017-11-14 18:00:00,7.5266,7.56,7.58,7.5266,11224.8616904
2017-11-14 17:00:00,7.4809,7.5266,7.55,7.4642,13449.9769976
2017-11-14 16:00:00,7.4819,7.5009,7.548,7.45,18906.1112142
2017-11-14 15:00:00,7.5135,7.485,7.5766,7.47,17500.5607367
2017-11-14 14:00:00,7.3768,7.5134,7.6275,7.3768,108002.232691
2017-11-14 13:00:00,7.366,7.3768,7.3768,7.3428,30763.587685
2017-11-14 12:00:00,7.3089,7.366,7.3661,7.19,57169.2793549
2017-11-14 11:00:00,7.4546,7.31,7.4566,7.27,29009.6814231
2017-11-14 10:00:00,7.4661,7.4546,7.5193,7.412,9750.82316187
2017-11-14 09:00:00,7.4163,7.4661,7.4851,7.37,13143.4910789
2017-11-14 08:00:00,7.4184,7.4405,7.4896,7.378,16498.8906791
2017-11-14 07:00:00,7.4799,7.4166,7.5399,7.351,16525.7067096
2017-11-14 06:00:00,7.3899,7.4918,7.589,7.3839,32784.0695963
2017-11-14 05:00:00,7.411,7.3528,7.4484,7.3098,22702.6613591
2017-11-14 04:00:00,7.425,7.411,7.54,7.39,21716.4365195
2017-11-14 03:00:00,7.4445,7.5044,7.57,7.424,28278.1635885
2017-11-14 02:00:00,7.4658,7.4466,7.4745,7.3612,14417.4759851
2017-11-14 01:00:00,7.5,7.49,7.53,7.45,32858.1820056
2017-11-14 00:00:00,7.51,7.5,7.5399,7.4021,30536.4065792
2017-11-13 23:00:00,7.4265,7.51,7.51,7.4265,27962.8401875
2017-11-13 22:00:00,7.2979,7.45,7.46,7.2851,19735.0735338
2017-11-13 21:00:00,7.359,7.2766,7.44,7.2659,32598.9105181
2017-11-13 20:00:00,7.2251,7.367,7.367,7.225,19724.0773158
2017-11-13 19:00:00,7.1412,7.225,7.288,7.1066,47092.768486
2017-11-13 18:00:00,7.2869,7.1412,7.3231,6.9252,102706.170717
2017-11-13 17:00:00,7.265,7.2884,7.333,7.2165,17879.5948177
2017-11-13 16:00:00,7.4649,7.265,7.4795,7.2166,66829.4918859
2017-11-13 15:00:00,7.4387,7.45,7.51,7.4107,21373.6822929
2017-11-13 14:00:00,7.4347,7.4391,7.49,7.36,34977.0121595
2017-11-13 13:00:00,7.5105,7.4432,7.5106,7.35,76799.6600772
2017-11-13 12:00:00,7.5141,7.5097,7.6,7.4695,43576.7135299
2017-11-13 11:00:00,7.64,7.5083,7.6449,7.4695,67526.9562654
2017-11-13 10:00:00,7.5526,7.6476,7.65,7.4716,42186.4258905
2017-11-13 09:00:00,7.4484,7.5799,7.6788,7.3728,137505.886416
2017-11-13 08:00:00,7.31,7.4067,7.6775,7.3002,191974.606417
2017-11-13 07:00:00,7.35,7.3001,7.3512,7.1896,51890.119349
2017-11-13 06:00:00,7.0489,7.35,7.3523,7.0489,80916.0338045
2017-11-13 05:00:00,7.1121,7.0499,7.2041,6.8768,87394.967872
2017-11-13 04:00:00,7.2,7.128,7.3568,7.05,143467.861853
2017-11-13 03:00:00,6.917,7.2,7.2355,6.8945,91529.4432455
2017-11-13 02:00:00,6.7056,6.9151,7.0,6.6501,89281.8169863
2017-11-13 01:00:00,6.71,6.718,6.7255,6.6267,15911.1464768
2017-11-13 00:00:00,6.5788,6.71,6.7119,6.509,26161.5720695
2017-11-12 23:00:00,6.53,6.5713,6.6734,6.3657,67984.5682131
2017-11-12 22:00:00,6.6836,6.5498,6.6836,6.5234,28332.3223159
2017-11-12 21:00:00,6.6851,6.6754,6.7521,6.6,27017.3480503
2017-11-12 20:00:00,6.8003,6.7019,6.8423,6.664,16616.0430519
2017-11-12 19:00:00,6.87,6.8,6.87,6.65,46528.205163
2017-11-12 18:00:00,6.841,6.8799,6.9,6.8,46506.863575
2017-11-12 17:00:00,6.6916,6.845,6.8899,6.6851,26788.1692239
2017-11-12 16:00:00,6.7832,6.714,6.8646,6.6391,50769.5886285
2017-11-12 15:00:00,6.6645,6.7819,6.8861,6.6643,58624.9056422
2017-11-12 14:00:00,6.7633,6.6679,6.799,6.6369,19533.8867078
2017-11-12 13:00:00,6.7046,6.7633,6.8136,6.5123,53142.7220085
2017-11-12 12:00:00,6.7501,6.7,6.8536,6.6601,30975.7292163
2017-11-12 11:00:00,6.877,6.7463,6.8821,6.7,45046.0237685
2017-11-12 10:00:00,6.624,6.896,6.8962,6.597,48264.2798206
2017-11-12 09:00:00,6.58,6.624,6.6776,6.3484,84105.1692166
2017-11-12 08:00:00,6.8085,6.5799,6.9749,6.4007,90092.5805
2017-11-12 07:00:00,6.2308,6.8,7.1507,6.2308,201161.600885
2017-11-12 06:00:00,6.45,6.23,6.4598,6.01,152378.918231
2017-11-12 05:00:00,6.7819,6.4507,6.7819,6.244,308934.20743
2017-11-12 04:00:00,6.85,6.7813,6.93,6.7468,88231.1769702
2017-11-12 03:00:00,7.0587,6.85,7.0587,6.8055,97444.6007799
2017-11-12 02:00:00,7.0884,7.0587,7.1673,7.0241,34074.093652
2017-11-12 01:00:00,7.1783,7.0882,7.2694,7.0701,28346.2504713
2017-11-12 00:00:00,7.2911,7.1783,7.3454,7.1783,29803.8915488
2017-11-11 23:00:00,7.2499,7.2834,7.3539,7.21,34730.9468514
2017-11-11 22:00:00,7.32,7.2237,7.32,7.12,21070.9467168
2017-11-11 21:00:00,7.41,7.3209,7.4439,7.2249,58681.758839
2017-11-11 20:00:00,7.194,7.409,7.4268,7.1801,49608.3490045
2017-11-11 19:00:00,7.2101,7.18,7.4046,7.1001,72586.9717895
2017-11-11 18:00:00,7.1656,7.2,7.2768,7.0673,80327.0772591
2017-11-11 17:00:00,7.0727,7.1656,7.17,7.0133,63997.5543732
2017-11-11 16:00:00,6.9827,7.0727,7.15,6.9327,44547.338778
2017-11-11 15:00:00,7.0505,6.965,7.0505,6.91,30359.5461369
2017-11-11 14:00:00,7.0509,7.0427,7.1714,6.9769,19217.3798108
2017-11-11 13:00:00,7.03,7.0503,7.1799,6.8541,103324.982251
2017-11-11 12:00:00,7.2259,7.031,7.3279,7.0104,74148.7784201
2017-11-11 11:00:00,7.2965,7.2411,7.4989,7.2,52045.9766412
2017-11-11 10:00:00,7.3786,7.2993,7.58,7.2993,69827.94606
2017-11-11 09:00:00,7.2936,7.371,7.3749,7.198,28032.6466422
2017-11-11 08:00:00,7.1269,7.2943,7.4,7.1,56288.6941868
2017-11-11 07:00:00,7.1189,7.125,7.2,7.069,11852.0696409
2017-11-11 06:00:00,7.0549,7.1199,7.1236,7.0477,15158.7030396
2017-11-11 05:00:00,7.13,7.0548,7.1392,7.0055,9524.65901903
2017-11-11 04:00:00,7.1545,7.1287,7.1545,7.0825,10828.5892297
2017-11-11 03:00:00,7.2183,7.1498,7.2183,6.9165,49850.2754081
2017-11-11 02:00:00,7.2592,7.2193,7.26,7.0844,18138.4288358
2017-11-11 01:00:00,7.2089,7.25,7.2841,7.1295,28713.0238024
2017-11-11 00:00:00,6.9697,7.207,7.22,6.9558,26982.3550156
2017-11-10 23:00:00,7.172,6.9699,7.1998,6.8638,65957.0450044
2017-11-10 22:00:00,7.08,7.1999,7.294,7.08,52140.1502647
2017-11-10 21:00:00,6.8182,7.0698,7.291,6.8101,101910.470822
2017-11-10 20:00:00,6.911,6.8068,7.0088,6.8,62845.6908828
2017-11-10 19:00:00,6.7413,6.911,7.099,6.695,110475.09627
2017-11-10 18:00:00,7.0917,6.7635,7.0917,6.66,264571.503211
2017-11-10 17:00:00,7.2934,7.08,7.3,7.0701,67474.5474377
2017-11-10 16:00:00,7.38,7.259,7.47,7.259,37015.1843909
2017-11-10 15:00:00,7.1294,7.38,7.398,7.1197,53614.0195302
2017-11-10 14:00:00,7.2937,7.1294,7.365,7.1294,110628.10776
2017-11-10 13:00:00,7.4169,7.2762,7.5181,7.2,131828.541256
2017-11-10 12:00:00,7.5097,7.3949,7.7887,7.36,130602.534685
2017-11-10 11:00:00,7.8,7.5015,7.8315,7.5,87045.900079
2017-11-10 10:00:00,7.6867,7.8022,8.0029,7.68,106261.596383
2017-11-10 09:00:00,7.899,7.68,7.95,7.632,109786.282276
2017-11-10 08:00:00,7.6279,7.899,7.9,7.6128,87660.6676151
2017-11-10 07:00:00,7.5898,7.6128,7.6289,7.4105,237875.152221
2017-11-10 06:00:00,7.605,7.587,7.7228,7.5819,47622.2454569
2017-11-10 05:00:00,7.8191,7.605,7.8246,7.5499,106765.553446
2017-11-10 04:00:00,7.8,7.8191,8.0077,7.78,23027.1499388
2017-11-10 03:00:00,7.9204,7.7999,8.0263,7.7999,76443.5879453
2017-11-10 02:00:00,7.9079,7.9171,8.0,7.851,32271.0107081
2017-11-10 01:00:00,8.0621,7.8777,8.1359,7.869,62031.3611651
2017-11-10 00:00:00,8.0395,8.0801,8.1327,7.973,21738.2754798
2017-11-09 23:00:00,8.0754,8.0352,8.203,7.96,54609.2664021
2017-11-09 22:00:00,7.933,8.0754,8.168,7.8411,61999.4230748
2017-11-09 21:00:00,8.2,7.9341,8.22,7.9,129291.224136
2017-11-09 20:00:00,8.2191,8.2,8.4204,8.172,125287.584835
2017-11-09 19:00:00,8.405,8.2135,8.4489,8.0254,156461.853602
2017-11-09 18:00:00,8.3845,8.405,8.4489,8.32,42979.2611435
2017-11-09 17:00:00,8.3422,8.3779,8.4357,8.31,87511.0807295
2017-11-09 16:00:00,8.2997,8.3422,8.3608,8.24,91506.0136768
2017-11-09 15:00:00,8.1586,8.2997,8.35,8.13,91643.8942174
2017-11-09 14:00:00,8.2404,8.1813,8.27,8.0972,43933.1852629
2017-11-09 13:00:00,8.3198,8.2204,8.3412,8.0583,88813.8047167
2017-11-09 12:00:00,8.1602,8.3199,8.5,8.051,219573.22321
2017-11-09 11:00:00,8.147,8.16,8.18,7.9101,66375.4263481
2017-11-09 10:00:00,8.18,8.147,8.199,8.0758,48013.3767775
2017-11-09 09:00:00,7.9589,8.18,8.18,7.8684,68249.7225397
2017-11-09 08:00:00,8.132,7.95,8.132,7.8147,140400.238321
2017-11-09 07:00:00,8.2323,8.132,8.3,8.071,75563.1959589
2017-11-09 06:00:00,8.15,8.235,8.2523,8.1378,50398.5619234
2017-11-09 05:00:00,7.9571,8.15,8.3,7.9517,188734.615412
2017-11-09 04:00:00,7.8592,7.957,7.99,7.825,101977.120809
2017-11-09 03:00:00,7.823,7.836,7.8901,7.7804,47876.8094462
2017-11-09 02:00:00,7.8392,7.7896,7.99,7.7748,83541.8511336
2017-11-09 01:00:00,7.858,7.8359,7.9587,7.6754,96616.3417989
2017-11-09 00:00:00,7.629,7.8581,7.8581,7.513,52746.9017614
2017-11-08 23:00:00,7.4298,7.6292,7.75,7.4165,93761.731378
2017-11-08 22:00:00,7.701,7.4303,7.72,7.301,164984.011666
2017-11-08 21:00:00,7.8342,7.7011,8.0603,7.55,256653.887719
2017-11-08 20:00:00,7.62,7.854,8.0295,7.567,256998.34333
2017-11-08 19:00:00,7.567,7.6221,7.95,7.351,493077.351974
2017-11-08 18:00:00,7.6163,7.5999,8.2,7.3,894502.266847
2017-11-08 17:00:00,6.572,7.6163,7.8,6.4563,572948.312843
2017-11-08 16:00:00,6.5701,6.572,6.6,6.51,18583.9315817
2017-11-08 15:00:00,6.6053,6.579,6.6053,6.52,11248.8451764
2017-11-08 14:00:00,6.62,6.6053,6.6797,6.59,45628.6989112
2017-11-08 13:00:00,6.5356,6.62,6.65,6.4833,70452.2199591
2017-11-08 12:00:00,6.5412,6.5459,6.6132,6.483,16661.5462347
2017-11-08 11:00:00,6.5354,6.5498,6.6789,6.534,124291.923804
2017-11-08 10:00:00,6.493,6.5354,6.6,6.4837,31554.6067344
2017-11-08 09:00:00,6.4442,6.4801,6.52,6.3698,25134.9034986
2017-11-08 08:00:00,6.3806,6.4408,6.46,6.362,9301.6608617
2017-11-08 07:00:00,6.4049,6.3991,6.405,6.36,9125.107612
2017-11-08 06:00:00,6.45,6.3968,6.45,6.363,18399.7794613
2017-11-08 05:00:00,6.4282,6.4369,6.5016,6.4279,30199.4601819
2017-11-08 04:00:00,6.3955,6.4284,6.435,6.3713,5089.05482536
2017-11-08 03:00:00,6.3498,6.3955,6.398,6.3498,6028.47082937
2017-11-08 02:00:00,6.3588,6.3498,6.3805,6.26,15440.5403527
2017-11-08 01:00:00,6.3388,6.3562,6.427,6.3146,14485.6868573
2017-11-08 00:00:00,6.313,6.3349,6.35,6.31,5163.59734307
2017-11-07 23:00:00,6.314,6.3192,6.3192,6.254,8350.86659351
2017-11-07 22:00:00,6.2857,6.3139,6.3159,6.2668,3062.3678924
2017-11-07 21:00:00,6.2411,6.3076,6.34,6.2,7078.61797202
2017-11-07 20:00:00,6.2796,6.2,6.2918,6.2,12431.8329201
2017-11-07 19:00:00,6.3179,6.2796,6.346,6.2,31450.3653968
2017-11-07 18:00:00,6.338,6.3144,6.338,6.2511,9046.47684157
2017-11-07 17:00:00,6.1336,6.338,6.349,6.13,23991.4063009
2017-11-07 16:00:00,6.225,6.1352,6.2396,6.0451,74759.6125422
2017-11-07 15:00:00,6.2499,6.225,6.3243,6.225,32739.9100116
2017-11-07 14:00:00,6.3652,6.25,6.377,6.21,87456.6677112
2017-11-07 13:00:00,6.535,6.3651,6.535,6.3134,44062.3948517
2017-11-07 12:00:00,6.5825,6.536,6.622,6.535,18458.3061291
2017-11-07 11:00:00,6.59,6.6,6.6099,6.5211,11785.9894786
2017-11-07 10:00:00,6.5619,6.59,6.59,6.5371,9520.87112654
2017-11-07 09:00:00,6.5632,6.5619,6.6,6.5371,10064.7348299
2017-11-07 08:00:00,6.6618,6.5633,6.667,6.5421,10873.8307036
2017-11-07 07:00:00,6.6099,6.6672,6.685,6.6099,9835.1157866
2017-11-07 06:00:00,6.4895,6.61,6.61,6.4774,15815.6242698
2017-11-07 05:00:00,6.59,6.523,6.6044,6.48,19945.5315449
2017-11-07 04:00:00,6.638,6.59,6.65,6.5376,17307.4760549
2017-11-07 03:00:00,6.5673,6.6369,6.67,6.5672,26356.7322079
2017-11-07 02:00:00,6.4914,6.5672,6.6,6.4914,16380.6241772
2017-11-07 01:00:00,6.4576,6.4906,6.5226,6.454,4363.44655813
2017-11-07 00:00:00,6.4978,6.4542,6.6099,6.432,19897.616151
2017-11-06 23:00:00,6.574,6.4815,6.6064,6.45,22525.4198604
2017-11-06 22:00:00,6.4947,6.574,6.6,6.4235,30180.9930951
2017-11-06 21:00:00,6.5201,6.4947,6.5398,6.4406,15487.2320882
2017-11-06 20:00:00,6.69,6.5375,6.7,6.4408,47075.3915143
2017-11-06 19:00:00,6.3726,6.69,6.69,6.3442,140475.291353
2017-11-06 18:00:00,6.3679,6.3726,6.389,6.3136,16704.2241699
2017-11-06 17:00:00,6.33,6.3564,6.389,6.3,15285.3067643
2017-11-06 16:00:00,6.3732,6.3024,6.384,6.3021,15475.7757516
2017-11-06 15:00:00,6.3466,6.3582,6.398,6.2904,23155.721058
2017-11-06 14:00:00,6.3071,6.34,6.3468,6.287,17544.2662341
2017-11-06 13:00:00,6.3395,6.3046,6.359,6.291,14225.8585787
2017-11-06 12:00:00,6.33,6.33,6.4098,6.3211,26878.7722233
2017-11-06 11:00:00,6.2768,6.33,6.33,6.2375,13344.5776179
2017-11-06 10:00:00,6.2385,6.279,6.31,6.1956,20408.2741261
2017-11-06 09:00:00,6.2376,6.2385,6.2935,6.211,12467.6686103
2017-11-06 08:00:00,6.233,6.2589,6.2589,6.2,6104.84505044
2017-11-06 07:00:00,6.2882,6.22,6.2882,6.181,31563.4686236
2017-11-06 06:00:00,6.3319,6.2882,6.3405,6.244,4372.92994236
2017-11-06 05:00:00,6.353,6.332,6.41,6.2388,11940.1509437
2017-11-06 04:00:00,6.3349,6.3662,6.3743,6.2448,18458.916178
2017-11-06 03:00:00,6.2314,6.354,6.4174,6.2302,42560.905377
2017-11-06 02:00:00,6.2635,6.2217,6.2789,6.206,7340.36130477
2017-11-06 01:00:00,6.28,6.2677,6.2944,6.256,4643.22961381
2017-11-06 00:00:00,6.2653,6.2555,6.3235,6.227,13048.9257262
2017-11-05 23:00:00,6.26,6.2666,6.3836,6.2427,11935.9316181
2017-11-05 22:00:00,6.38,6.2652,6.4416,6.1856,41134.9625797
2017-11-05 21:00:00,6.194,6.3721,6.38,6.17,40827.0491689
2017-11-05 20:00:00,6.2342,6.1943,6.2424,6.1138,54159.4237265
2017-11-05 19:00:00,6.244,6.229,6.27,6.205,7045.0216388
2017-11-05 18:00:00,6.2325,6.244,6.3023,6.2001,26963.1814323
2017-11-05 17:00:00,6.213,6.208,6.241,6.2014,12855.2907139
2017-11-05 16:00:00,6.2524,6.2071,6.26,6.2071,16258.9312234
2017-11-05 15:00:00,6.26,6.2375,6.2883,6.216,15892.3594861
2017-11-05 14:00:00,6.2402,6.2594,6.3277,6.21,18158.5897656
2017-11-05 13:00:00,6.3093,6.2401,6.3257,6.2401,45817.305886
2017-11-05 12:00:00,6.3799,6.3423,6.3991,6.2905,40857.6432389
2017-11-05 11:00:00,6.3433,6.3799,6.4,6.343,8300.48229012
2017-11-05 10:00:00,6.3161,6.3559,6.36,6.3161,7391.67299581
2017-11-05 09:00:00,6.3977,6.3156,6.4102,6.2716,38983.2697783
2017-11-05 08:00:00,6.4532,6.3976,6.4701,6.3942,4430.33006265
2017-11-05 07:00:00,6.4101,6.45,6.45,6.38,5265.66525665
2017-11-05 06:00:00,6.4401,6.4291,6.4443,6.3951,5661.96468026
2017-11-05 05:00:00,6.4056,6.4387,6.4434,6.3659,7535.30066968
2017-11-05 04:00:00,6.4098,6.4055,6.4371,6.3801,7459.8744847
2017-11-05 03:00:00,6.438,6.4269,6.4687,6.3649,4287.8218044
2017-11-05 02:00:00,6.4405,6.4511,6.4948,6.3501,9836.44453361
2017-11-05 01:00:00,6.4352,6.4462,6.4519,6.4,9878.28923623
2017-11-05 00:00:00,6.4327,6.4699,6.4699,6.4,2584.25044901
2017-11-04 23:00:00,6.475,6.4651,6.4769,6.3718,5830.18324553
2017-11-04 22:00:00,6.4312,6.477,6.5,6.4311,10967.6649995
2017-11-04 21:00:00,6.386,6.419,6.4271,6.371,10187.1285599
2017-11-04 20:00:00,6.4348,6.385,6.4665,6.3596,15090.3717303
2017-11-04 19:00:00,6.4106,6.4699,6.4699,6.3901,9887.80258232
2017-11-04 18:00:00,6.398,6.4106,6.46,6.3556,16110.0315253
2017-11-04 17:00:00,6.4576,6.398,6.47,6.3441,49008.4573743
2017-11-04 16:00:00,6.5484,6.4577,6.5518,6.4398,23163.7597645
2017-11-04 15:00:00,6.5549,6.5144,6.5999,6.5144,13019.7519919
2017-11-04 14:00:00,6.5202,6.555,6.56,6.5,22175.5581221
2017-11-04 13:00:00,6.5918,6.5202,6.68,6.5,34615.2586554
2017-11-04 12:00:00,6.5948,6.6098,6.64,6.5585,10515.0259252
2017-11-04 11:00:00,6.705,6.595,6.712,6.531,55789.5861409
2017-11-04 10:00:00,6.68,6.7113,6.7249,6.6564,11504.6903126
2017-11-04 09:00:00,6.7328,6.7023,6.74,6.66,9530.29896869
2017-11-04 08:00:00,6.6687,6.7329,6.7399,6.6501,12525.5493247
2017-11-04 07:00:00,6.6998,6.6802,6.7783,6.656,22613.7433137
2017-11-04 06:00:00,6.6378,6.6999,6.7186,6.6378,7392.83942158
2017-11-04 05:00:00,6.6498,6.63,6.6498,6.55,12597.8075653
2017-11-04 04:00:00,6.6552,6.6539,6.7069,6.59,20294.7311829
2017-11-04 03:00:00,6.5958,6.6552,6.72,6.5696,21890.6257297
2017-11-04 02:00:00,6.5715,6.5958,6.61,6.5249,10369.0407923
2017-11-04 01:00:00,6.7099,6.5909,6.7399,6.565,33066.4692916
2017-11-04 00:00:00,6.7014,6.7099,6.715,6.5671,48899.3432301
2017-11-03 23:00:00,6.71,6.7089,6.77,6.6082,40426.7285822
2017-11-03 22:00:00,6.7481,6.71,6.7886,6.5104,56374.521374
2017-11-03 21:00:00,6.6367,6.7939,6.8236,6.496,168571.981883
2017-11-03 20:00:00,6.5625,6.6422,6.65,6.48,58941.5398547
2017-11-03 19:00:00,6.4487,6.5626,6.5642,6.3917,20866.4048325
2017-11-03 18:00:00,6.5564,6.4434,6.5564,6.4321,16888.501781
2017-11-03 17:00:00,6.56,6.5521,6.56,6.4532,13922.4604349
2017-11-03 16:00:00,6.3749,6.5514,6.588,6.3345,32689.3955134
2017-11-03 15:00:00,6.4963,6.375,6.52,6.3682,28552.0922946
2017-11-03 14:00:00,6.446,6.4999,6.5491,6.4121,22868.6082584
2017-11-03 13:00:00,6.4251,6.4496,6.6,6.4129,80584.3110577
2017-11-03 12:00:00,6.4001,6.4186,6.45,6.3001,21339.0271322
2017-11-03 11:00:00,6.2927,6.4001,6.5,6.2927,48535.4356706
2017-11-03 10:00:00,6.1844,6.2945,6.403,6.1601,67453.7072148
2017-11-03 09:00:00,6.2951,6.16,6.32,6.16,44870.975908
2017-11-03 08:00:00,6.2715,6.2956,6.3197,6.22,28406.771072
2017-11-03 07:00:00,6.3834,6.2715,6.446,6.27,42857.191199
2017-11-03 06:00:00,6.36,6.3834,6.536,6.328,24639.6470689
2017-11-03 05:00:00,6.4593,6.362,6.4593,6.2532,22642.05527
2017-11-03 04:00:00,6.3162,6.4391,6.46,6.27,35434.162513
2017-11-03 03:00:00,6.495,6.3543,6.5041,6.2632,60306.6634634
2017-11-03 02:00:00,6.466,6.4947,6.58,6.4659,29136.6985358
2017-11-03 01:00:00,6.166,6.451,6.659,6.166,97773.5002517
2017-11-03 00:00:00,6.2198,6.1569,6.2469,6.09,42721.4591527
2017-11-02 23:00:00,6.2415,6.2188,6.4199,6.2138,21926.2025189
2017-11-02 22:00:00,6.415,6.209,6.48,6.2,51506.7208618
2017-11-02 21:00:00,6.4903,6.4166,6.52,6.4064,29467.7157057
2017-11-02 20:00:00,6.4729,6.5175,6.7155,6.3002,103888.36007
2017-11-02 19:00:00,6.5988,6.4353,6.642,6.3,123529.212723
2017-11-02 18:00:00,6.324,6.59,6.682,6.3101,170991.367027
2017-11-02 17:00:00,6.1602,6.324,6.3857,6.16,112610.159547
2017-11-02 16:00:00,6.0648,6.19,6.19,6.03,41940.3141352
2017-11-02 15:00:00,6.249,6.0648,6.249,6.0648,65824.6633384
2017-11-02 14:00:00,5.9646,6.249,6.249,5.9309,69005.9861783
2017-11-02 13:00:00,6.079,5.9648,6.2,5.93,60366.3901343
2017-11-02 12:00:00,6.2,6.08,6.28,6.001,60955.9256118
2017-11-02 11:00:00,5.8921,6.2,6.35,5.6735,254667.069745
2017-11-02 10:00:00,5.719,5.8822,5.9,5.719,50537.043964
2017-11-02 09:00:00,5.8445,5.72,5.8445,5.661,105256.378792
2017-11-02 08:00:00,5.8644,5.8445,5.966,5.7995,50002.1334341
2017-11-02 07:00:00,5.8554,5.8798,6.05,5.781,84151.8076343
2017-11-02 06:00:00,6.0497,5.8554,6.0899,5.8354,65131.5020217
2017-11-02 05:00:00,6.1912,6.0863,6.2144,5.9,65846.6253052
2017-11-02 04:00:00,6.1197,6.1801,6.359,6.0736,120310.543606
2017-11-02 03:00:00,6.1955,6.1169,6.38,5.86,155037.403196
2017-11-02 02:00:00,5.9161,6.1954,6.69,5.8355,525995.729003
2017-11-02 01:00:00,5.7383,5.9,5.9699,5.4842,328749.96643
2017-11-02 00:00:00,6.0599,5.73,6.0952,5.7001,200213.856777
2017-11-01 23:00:00,6.182,6.0727,6.2208,6.01,83991.4371646
2017-11-01 22:00:00,6.411,6.1816,6.411,6.1785,52164.745517
2017-11-01 21:00:00,6.4674,6.411,6.51,6.301,72112.6610726
2017-11-01 20:00:00,6.164,6.43,6.5255,6.15,157348.049454
2017-11-01 19:00:00,6.2373,6.164,6.3046,6.164,50316.6006976
2017-11-01 18:00:00,6.32,6.228,6.3298,6.1731,65887.6641877
2017-11-01 17:00:00,6.1719,6.3175,6.3907,6.1719,113039.856366
2017-11-01 16:00:00,6.2121,6.17,6.2609,6.15,65272.406103
2017-11-01 15:00:00,6.287,6.206,6.3473,6.1341,152877.953046
2017-11-01 14:00:00,6.3635,6.287,6.4,6.2514,117294.485474
2017-11-01 13:00:00,6.408,6.33,6.4558,6.315,62142.5938884
2017-11-01 12:00:00,6.46,6.4227,6.49,6.3654,100815.653367
2017-11-01 11:00:00,6.5841,6.45,6.5989,6.433,94910.9550755
2017-11-01 10:00:00,6.6331,6.5842,6.8,6.5674,114799.888196
2017-11-01 09:00:00,6.5304,6.6255,6.67,6.4101,204527.630472
2017-11-01 08:00:00,6.6182,6.53,6.6703,6.51,54343.5885401
2017-11-01 07:00:00,6.63,6.638,6.6641,6.55,86912.1279888
2017-11-01 06:00:00,6.69,6.6261,6.7071,6.6201,30744.598823
2017-11-01 05:00:00,6.6532,6.69,6.7372,6.6532,25319.8919317
2017-11-01 04:00:00,6.7411,6.6624,6.7599,6.6175,65665.518367
2017-11-01 03:00:00,6.762,6.7381,6.7809,6.725,36714.5674898
2017-11-01 02:00:00,6.8079,6.7775,6.808,6.7453,63920.154463
2017-11-01 01:00:00,6.939,6.8104,6.94,6.805,31070.1503165
2017-11-01 00:00:00,6.8355,6.9614,6.99,6.8102,39329.5931558
2017-10-31 23:00:00,6.99,6.8205,7.0192,6.8151,125034.038833
2017-10-31 22:00:00,7.02,6.994,7.0288,6.98,36194.9754343
2017-10-31 21:00:00,7.045,7.021,7.049,7.0001,31357.1863412
2017-10-31 20:00:00,7.085,7.04,7.0984,7.0121,24184.6758649
2017-10-31 19:00:00,7.1001,7.0985,7.1219,7.0801,8349.74468724
2017-10-31 18:00:00,7.1201,7.0902,7.16,7.07,30811.5681901
2017-10-31 17:00:00,7.02,7.1201,7.1451,7.001,99830.9472944
2017-10-31 16:00:00,7.053,7.02,7.0833,7.02,37095.4601564
2017-10-31 15:00:00,7.0466,7.044,7.1419,7.0333,46958.8193017
2017-10-31 14:00:00,7.1541,7.0689,7.1541,7.0382,82482.7465802
2017-10-31 13:00:00,7.1274,7.154,7.1679,7.11,27500.1148345
2017-10-31 12:00:00,7.133,7.1322,7.187,7.1175,36140.5700363
2017-10-31 11:00:00,7.1549,7.13,7.1797,7.13,39880.1533346
2017-10-31 10:00:00,7.1798,7.1541,7.1994,7.154,11313.922228
2017-10-31 09:00:00,7.1814,7.1888,7.198,7.163,3810.12245053
2017-10-31 08:00:00,7.175,7.1843,7.1911,7.163,12133.1676435
2017-10-31 07:00:00,7.153,7.1818,7.186,7.15,16767.5623941
2017-10-31 06:00:00,7.1948,7.1477,7.195,7.141,16734.4791795
2017-10-31 05:00:00,7.2,7.1954,7.2404,7.1954,4481.04388377
2017-10-31 04:00:00,7.197,7.1955,7.2386,7.194,6176.74452152
2017-10-31 03:00:00,7.212,7.2,7.2958,7.1963,9386.27682165
2017-10-31 02:00:00,7.2392,7.235,7.25,7.185,11546.2572963
2017-10-31 01:00:00,7.1756,7.2399,7.243,7.171,12903.1335286
2017-10-31 00:00:00,7.243,7.1766,7.248,7.1766,13502.9215156
2017-10-30 23:00:00,7.2196,7.244,7.2444,7.18,8068.25155057
2017-10-30 22:00:00,7.1801,7.22,7.2253,7.1643,6183.28818493
2017-10-30 21:00:00,7.2503,7.1801,7.2679,7.164,14878.1956522
2017-10-30 20:00:00,7.145,7.2651,7.269,7.138,16120.7149115
2017-10-30 19:00:00,7.2091,7.146,7.2091,7.12,36401.459354
2017-10-30 18:00:00,7.1798,7.2044,7.2099,7.161,14592.8244511
2017-10-30 17:00:00,7.184,7.1799,7.22,7.1597,17453.5890615
2017-10-30 16:00:00,7.1934,7.184,7.2145,7.1722,10822.6566289
2017-10-30 15:00:00,7.205,7.1934,7.2298,7.1901,14062.7479754
2017-10-30 14:00:00,7.2463,7.2049,7.2754,7.15,82999.7830324
2017-10-30 13:00:00,7.2701,7.2483,7.3004,7.2483,20488.3179292
2017-10-30 12:00:00,7.3227,7.27,7.346,7.262,33910.5215843
2017-10-30 11:00:00,7.361,7.3227,7.364,7.3,8338.61753716
2017-10-30 10:00:00,7.3275,7.3424,7.44,7.311,44595.459208
2017-10-30 09:00:00,7.308,7.311,7.3446,7.2875,9697.21479342
2017-10-30 08:00:00,7.3367,7.3099,7.3788,7.28,15607.0367044
2017-10-30 07:00:00,7.3679,7.3367,7.4,7.335,18849.8421432
2017-10-30 06:00:00,7.305,7.37,7.37,7.3,4716.07386574
2017-10-30 05:00:00,7.3215,7.305,7.3599,7.3,8205.36898384
2017-10-30 04:00:00,7.3632,7.3215,7.3978,7.3215,4320.91049609
2017-10-30 03:00:00,7.3387,7.334,7.4068,7.3254,7810.41192107
2017-10-30 02:00:00,7.3704,7.3416,7.39,7.3234,3273.24258784
2017-10-30 01:00:00,7.351,7.348,7.39,7.3321,3314.15043538
2017-10-30 00:00:00,7.29,7.351,7.38,7.285,6878.80640223
2017-10-29 23:00:00,7.3068,7.3138,7.3451,7.28,12750.3212882
2017-10-29 22:00:00,7.3682,7.2887,7.4247,7.2887,12258.1109762
2017-10-29 21:00:00,7.3111,7.381,7.4115,7.2843,11810.3566339
2017-10-29 20:00:00,7.364,7.2854,7.4858,7.2601,37726.476189
2017-10-29 19:00:00,7.454,7.344,7.4977,7.3311,31769.6679608
2017-10-29 18:00:00,7.402,7.4537,7.4645,7.3975,26819.9196327
2017-10-29 17:00:00,7.3092,7.4044,7.5,7.2583,55207.1834678
2017-10-29 16:00:00,7.2668,7.3095,7.3717,7.2444,22659.8175039
2017-10-29 15:00:00,7.267,7.2601,7.397,7.26,19494.5187394
2017-10-29 14:00:00,7.2584,7.267,7.3234,7.2171,12845.7271759
2017-10-29 13:00:00,7.2597,7.2459,7.2849,7.21,8902.5978465
2017-10-29 12:00:00,7.337,7.2577,7.345,7.235,17368.0399745
2017-10-29 11:00:00,7.185,7.345,7.345,7.185,16128.1839682
2017-10-29 10:00:00,7.2405,7.189,7.25,7.18,10774.4995966
2017-10-29 09:00:00,7.2614,7.2405,7.2614,7.202,4547.54172782
2017-10-29 08:00:00,7.2801,7.2462,7.281,7.1901,11098.2492175
2017-10-29 07:00:00,7.2668,7.28,7.34,7.2271,13444.6967149
2017-10-29 06:00:00,7.222,7.2668,7.3,7.19,9878.91532314
2017-10-29 05:00:00,7.3108,7.2379,7.3108,7.222,6300.2903625
2017-10-29 04:00:00,7.2788,7.3118,7.3999,7.2555,22477.6108693
2017-10-29 03:00:00,7.1892,7.2514,7.28,7.18,4959.38876883
2017-10-29 02:00:00,7.1802,7.1896,7.2,7.158,7816.54034377
2017-10-29 01:00:00,7.1326,7.16,7.1899,7.1153,12966.7897022
2017-10-29 00:00:00,7.1546,7.1314,7.2116,7.1167,40609.2017646
2017-10-28 23:00:00,7.1729,7.1628,7.2324,7.1546,16246.9601687
2017-10-28 22:00:00,7.28,7.1719,7.28,7.1642,46942.9131577
2017-10-28 21:00:00,7.2928,7.2995,7.3104,7.2708,11028.2663007
2017-10-28 20:00:00,7.2988,7.2928,7.3274,7.2916,8148.8177252
2017-10-28 19:00:00,7.3188,7.2978,7.3291,7.2978,4154.76759614
2017-10-28 18:00:00,7.296,7.318,7.3345,7.2956,2629.94195155
2017-10-28 17:00:00,7.2961,7.3237,7.332,7.275,10197.5641379
2017-10-28 16:00:00,7.33,7.2932,7.3359,7.2661,17616.8767636
2017-10-28 15:00:00,7.2478,7.33,7.33,7.2119,28763.4889365
2017-10-28 14:00:00,7.296,7.2469,7.3224,7.221,53840.8865961
2017-10-28 13:00:00,7.2624,7.296,7.3189,7.1959,56252.118466
2017-10-28 12:00:00,7.3188,7.2583,7.3287,7.21,37667.5718684
2017-10-28 11:00:00,7.3986,7.3188,7.3987,7.3,35510.7905717
2017-10-28 10:00:00,7.4172,7.3936,7.4521,7.3936,11438.1015462
2017-10-28 09:00:00,7.425,7.416,7.4699,7.416,9457.4659682
2017-10-28 08:00:00,7.41,7.425,7.4698,7.41,8452.2709449
2017-10-28 07:00:00,7.425,7.41,7.4857,7.4,13356.5335389
2017-10-28 06:00:00,7.4351,7.4495,7.469,7.4017,8658.04419674
2017-10-28 05:00:00,7.4253,7.4351,7.4416,7.3901,14172.7422052
2017-10-28 04:00:00,7.3933,7.4384,7.4384,7.3859,14910.9647365
2017-10-28 03:00:00,7.401,7.4,7.4348,7.3874,33008.6878483
2017-10-28 02:00:00,7.52,7.401,7.5572,7.401,26583.7424636
2017-10-28 01:00:00,7.4651,7.52,7.5399,7.418,27817.4131873
2017-10-28 00:00:00,7.47,7.465,7.512,7.4005,50915.8565382
2017-10-27 23:00:00,7.4835,7.4808,7.5,7.4291,15945.3393719
2017-10-27 22:00:00,7.496,7.5,7.5034,7.434,47057.2973146
2017-10-27 21:00:00,7.54,7.496,7.5658,7.496,30614.3925503
2017-10-27 20:00:00,7.5211,7.54,7.5959,7.5078,13825.7723111
2017-10-27 19:00:00,7.6161,7.544,7.6251,7.5078,32429.1150291
2017-10-27 18:00:00,7.75,7.6148,7.875,7.6044,41047.0192264
2017-10-27 17:00:00,7.68,7.75,7.7575,7.6256,17758.0675391
2017-10-27 16:00:00,7.6242,7.69,7.753,7.62,16279.0885461
2017-10-27 15:00:00,7.6142,7.6204,7.6746,7.591,18802.605273
2017-10-27 14:00:00,7.641,7.62,7.7168,7.6,39500.7255877
2017-10-27 13:00:00,7.8855,7.6262,7.9069,7.6262,62194.8702143
2017-10-27 12:00:00,7.9616,7.87,8.08,7.85,36615.1190254
2017-10-27 11:00:00,8.0002,7.9604,8.095,7.9189,42031.9684693
2017-10-27 10:00:00,7.8455,8.0002,8.1,7.801,179711.999058
2017-10-27 09:00:00,7.641,7.8434,7.8444,7.6278,49409.3950591
2017-10-27 08:00:00,7.58,7.64,7.641,7.5518,8554.34115985
2017-10-27 07:00:00,7.55,7.58,7.5804,7.4714,6824.95644208
2017-10-27 06:00:00,7.484,7.5665,7.6013,7.4755,11693.3286419
2017-10-27 05:00:00,7.468,7.477,7.5593,7.3866,16926.7750953
2017-10-27 04:00:00,7.58,7.4681,7.6015,7.4554,9535.75938932
2017-10-27 03:00:00,7.442,7.58,7.5846,7.4227,13261.4831863
2017-10-27 02:00:00,7.654,7.415,7.698,7.3866,154559.752033
2017-10-27 01:00:00,7.6694,7.6335,7.7,7.6324,4011.37891302
2017-10-27 00:00:00,7.6201,7.7,7.7399,7.611,4044.78112001
2017-10-26 23:00:00,7.77,7.611,7.7759,7.61,14041.3883609
2017-10-26 22:00:00,7.7408,7.77,7.809,7.6148,41361.4669622
2017-10-26 21:00:00,7.563,7.7514,7.78,7.4767,26071.6911341
2017-10-26 20:00:00,7.549,7.5336,7.69,7.5258,40262.8446144
2017-10-26 19:00:00,7.49,7.5467,7.549,7.4356,21080.427658
2017-10-26 18:00:00,7.6068,7.4886,7.6334,7.3935,51042.2407259
2017-10-26 17:00:00,7.495,7.6356,7.6541,7.495,43960.6208601
2017-10-26 16:00:00,7.4991,7.495,7.5,7.4705,11787.1798482
2017-10-26 15:00:00,7.575,7.4999,7.59,7.4551,55301.0053378
2017-10-26 14:00:00,7.6778,7.6025,7.69,7.5544,14520.7166367
2017-10-26 13:00:00,7.6075,7.678,7.687,7.545,26617.7635138
2017-10-26 12:00:00,7.7076,7.6086,7.75,7.6,30587.1055726
2017-10-26 11:00:00,7.7118,7.7078,7.81,7.68,23412.071314
2017-10-26 10:00:00,7.77,7.712,7.77,7.7,9701.80939487
2017-10-26 09:00:00,7.7,7.7456,7.77,7.7,4773.32166021
2017-10-26 08:00:00,7.7456,7.7,7.7515,7.7,13707.6425501
2017-10-26 07:00:00,7.7763,7.7724,7.8146,7.74,12877.0338756
2017-10-26 06:00:00,7.709,7.7626,7.816,7.675,27973.7853634
2017-10-26 05:00:00,7.7235,7.6888,7.7486,7.6858,5216.96106012
2017-10-26 04:00:00,7.7466,7.7504,7.765,7.68,10249.7370244
2017-10-26 03:00:00,7.71,7.749,7.7711,7.71,9580.5291854
2017-10-26 02:00:00,7.7,7.7246,7.7298,7.6648,6972.72049116
2017-10-26 01:00:00,7.603,7.7,7.775,7.603,8273.11654949
2017-10-26 00:00:00,7.6471,7.6211,7.7451,7.6,65923.2951656
2017-10-25 23:00:00,7.743,7.648,7.7999,7.61,8354.20932537
2017-10-25 22:00:00,7.6815,7.7332,7.7997,7.67,12682.2363746
2017-10-25 21:00:00,7.768,7.6821,7.7775,7.6801,19977.8866172
2017-10-25 20:00:00,7.9092,7.7678,7.9163,7.7527,14182.2304062
2017-10-25 19:00:00,7.8499,7.9093,7.9093,7.801,18946.226306
2017-10-25 18:00:00,7.768,7.8499,7.8523,7.74,13897.1472657
2017-10-25 17:00:00,7.7425,7.769,7.794,7.6958,11770.9567716
2017-10-25 16:00:00,7.7736,7.741,7.8132,7.7,23018.5567418
2017-10-25 15:00:00,7.7554,7.7733,7.806,7.648,9838.46811789
2017-10-25 14:00:00,7.8059,7.7683,7.8223,7.66,15712.373744
2017-10-25 13:00:00,7.7386,7.79,7.85,7.7001,19271.9909486
2017-10-25 12:00:00,7.672,7.7388,7.7751,7.6325,18799.4337046
2017-10-25 11:00:00,7.6512,7.6622,7.7,7.5206,34274.2262317
2017-10-25 10:00:00,7.699,7.647,7.75,7.602,27876.8458204
2017-10-25 09:00:00,7.7001,7.7,7.8035,7.673,20639.4559405
2017-10-25 08:00:00,7.7216,7.701,7.7578,7.61,36940.3059344
2017-10-25 07:00:00,7.7953,7.722,7.8337,7.722,28227.9209581
2017-10-25 06:00:00,7.791,7.7952,7.825,7.7277,10098.8652906
2017-10-25 05:00:00,7.8587,7.81,7.88,7.71,33979.7213153
2017-10-25 04:00:00,7.8312,7.844,7.9236,7.8111,25803.5190642
2017-10-25 03:00:00,7.5586,7.8517,7.889,7.551,47556.9178322
2017-10-25 02:00:00,7.7491,7.5616,7.8892,7.526,64682.0900018
2017-10-25 01:00:00,8.02,7.7201,8.0238,7.702,62172.4441168
2017-10-25 00:00:00,8.124,8.01,8.131,8.01,10579.574858
2017-10-24 23:00:00,8.04,8.1086,8.1271,8.04,13328.0069825
2017-10-24 22:00:00,8.056,8.04,8.1705,8.0111,30649.586425
2017-10-24 21:00:00,8.17,8.0582,8.17,7.9,20235.4038419
2017-10-24 20:00:00,8.0961,8.1699,8.2209,7.8,105668.923082
2017-10-24 19:00:00,8.2503,8.098,8.424,8.0544,43307.7307647
2017-10-24 18:00:00,8.36,8.2503,8.36,8.25,11527.129532
2017-10-24 17:00:00,8.3497,8.3635,8.4089,8.14,69602.1558264
2017-10-24 16:00:00,8.4412,8.35,8.5489,8.3497,44009.4057421
2017-10-24 15:00:00,8.666,8.4411,8.7099,8.4325,97514.9042692
2017-10-24 14:00:00,8.425,8.666,8.698,8.422,80368.1004393
2017-10-24 13:00:00,8.3998,8.4251,8.4999,8.32,32517.26294
2017-10-24 12:00:00,8.4997,8.3989,8.5,8.33,52211.4529166
2017-10-24 11:00:00,8.4712,8.4809,8.6074,8.3768,42543.1019376
2017-10-24 10:00:00,8.59,8.4712,8.5986,8.251,88622.7654949
2017-10-24 09:00:00,8.5189,8.59,8.6199,8.46,74697.1381634
2017-10-24 08:00:00,8.3367,8.5118,8.539,8.3255,71860.3421218
2017-10-24 07:00:00,8.2397,8.35,8.4436,8.2115,34320.0512588
2017-10-24 06:00:00,8.3191,8.25,8.3588,8.22,35686.3890199
2017-10-24 05:00:00,8.4207,8.3193,8.4738,8.2504,88012.6836704
2017-10-24 04:00:00,8.2189,8.4262,8.4558,8.2174,144054.687784
2017-10-24 03:00:00,8.2951,8.2214,8.2951,8.0554,85401.1267916
2017-10-24 02:00:00,8.1268,8.2713,8.4341,8.0519,197166.902422
2017-10-24 01:00:00,7.483,8.127,8.4,7.3857,420008.034393
2017-10-24 00:00:00,7.65,7.483,7.66,7.47,38023.9746255
2017-10-23 23:00:00,7.6092,7.65,7.6778,7.5201,34435.4738788
2017-10-23 22:00:00,7.4983,7.6026,7.6336,7.483,35566.4325933
2017-10-23 21:00:00,7.504,7.5009,7.5525,7.483,8963.55064743
2017-10-23 20:00:00,7.4446,7.501,7.6,7.4399,37701.4627807
2017-10-23 19:00:00,7.3623,7.4202,7.47,7.3622,15928.9530034
2017-10-23 18:00:00,7.3521,7.3601,7.3999,7.2493,11635.6491401
2017-10-23 17:00:00,7.3002,7.3637,7.393,7.2697,13598.040286
2017-10-23 16:00:00,7.2101,7.313,7.313,7.171,26802.9454703
2017-10-23 15:00:00,7.1256,7.2012,7.29,7.1132,8893.32260261
2017-10-23 14:00:00,7.1184,7.1255,7.2704,7.1101,22564.1591406
2017-10-23 13:00:00,7.1957,7.1187,7.244,7.03,48905.9834528
2017-10-23 12:00:00,7.2701,7.1954,7.2806,7.1486,20079.8335444
2017-10-23 11:00:00,7.2519,7.251,7.3399,7.2357,13715.0740985
2017-10-23 10:00:00,7.2307,7.2712,7.3532,7.2,9651.96207095
2017-10-23 09:00:00,7.301,7.231,7.3558,7.2,24536.2347862
2017-10-23 08:00:00,7.349,7.3213,7.406,7.301,8925.87365424
2017-10-23 07:00:00,7.3185,7.349,7.4,7.3001,6157.36183791
2017-10-23 06:00:00,7.3288,7.3115,7.392,7.2851,6414.68272456
2017-10-23 05:00:00,7.383,7.3021,7.4315,7.2851,18551.6686518
2017-10-23 04:00:00,7.391,7.3883,7.4438,7.3651,7516.19193199
2017-10-23 03:00:00,7.47,7.3953,7.4778,7.37,29695.220237
2017-10-23 02:00:00,7.5806,7.47,7.6145,7.4545,20982.7475004
2017-10-23 01:00:00,7.6001,7.5898,7.6374,7.54,9558.47422178
2017-10-23 00:00:00,7.6399,7.61,7.7,7.5851,12721.4927895
2017-10-22 23:00:00,7.6744,7.64,7.6838,7.586,7771.23945858
2017-10-22 22:00:00,7.6503,7.677,7.72,7.6157,7225.76639944
2017-10-22 21:00:00,7.5759,7.6513,7.72,7.5759,7300.22286854
2017-10-22 20:00:00,7.6198,7.5765,7.67,7.5502,9985.71096465
2017-10-22 19:00:00,7.5191,7.62,7.62,7.51,11225.9779782
2017-10-22 18:00:00,7.61,7.5169,7.6699,7.5169,15880.6822532
2017-10-22 17:00:00,7.6076,7.61,7.6611,7.588,9765.37626616
2017-10-22 16:00:00,7.6658,7.6073,7.7435,7.5251,21173.0889735
2017-10-22 15:00:00,7.6993,7.6608,7.7007,7.6077,13097.9647916
2017-10-22 14:00:00,7.5392,7.7074,7.798,7.5357,61686.8134226
2017-10-22 13:00:00,7.4802,7.5325,7.62,7.4677,14813.8646519
2017-10-22 12:00:00,7.443,7.489,7.489,7.35,23125.0931619
2017-10-22 11:00:00,7.5225,7.4252,7.6,7.4252,20463.4764383
2017-10-22 10:00:00,7.5887,7.531,7.65,7.511,9836.66458896
2017-10-22 09:00:00,7.5464,7.5888,7.6999,7.51,21372.8252912
2017-10-22 08:00:00,7.5035,7.5468,7.6,7.4621,7834.8762492
2017-10-22 07:00:00,7.5251,7.48,7.5458,7.41,21513.0459986
2017-10-22 06:00:00,7.5092,7.533,7.655,7.3101,55779.0385827
2017-10-22 05:00:00,7.6509,7.4849,7.6955,7.48,23552.3877833
2017-10-22 04:00:00,7.5418,7.6488,7.75,7.5291,41551.3003737
2017-10-22 03:00:00,7.4489,7.5419,7.5419,7.354,16615.0933106
2017-10-22 02:00:00,7.6033,7.435,7.6454,7.4343,33031.9500588
2017-10-22 01:00:00,7.52,7.601,7.6494,7.4786,56123.5764695
2017-10-22 00:00:00,7.3686,7.5146,7.5368,7.3234,31752.6828207
2017-10-21 23:00:00,7.3432,7.3676,7.38,7.2153,20370.2408309
2017-10-21 22:00:00,7.3,7.3502,7.3621,7.224,22118.7564389
2017-10-21 21:00:00,7.2898,7.3014,7.341,7.2617,7724.22746235
2017-10-21 20:00:00,7.1795,7.2821,7.3142,7.1313,18696.8441365
2017-10-21 19:00:00,7.1897,7.1667,7.2045,7.1001,10699.2111372
2017-10-21 18:00:00,7.207,7.2,7.2352,7.1379,11769.9611046
2017-10-21 17:00:00,6.9976,7.2328,7.42,6.91,43297.529934
2017-10-21 16:00:00,7.1012,6.9976,7.1084,6.94,34512.5873821
2017-10-21 15:00:00,7.0772,7.1074,7.1273,7.0413,22368.547421
2017-10-21 14:00:00,7.1161,7.066,7.1275,6.9427,67098.157884
2017-10-21 13:00:00,7.1358,7.1158,7.2073,7.086,9340.31376603
2017-10-21 12:00:00,7.276,7.1157,7.3215,7.1086,11528.2233832
2017-10-21 11:00:00,7.26,7.3113,7.3262,7.2154,13590.295152
2017-10-21 10:00:00,7.2379,7.2599,7.304,7.1923,13176.0517561
2017-10-21 09:00:00,7.129,7.239,7.2679,7.1043,14249.7586836
2017-10-21 08:00:00,7.1884,7.1425,7.2035,7.1011,19105.3666799
2017-10-21 07:00:00,7.2805,7.2098,7.315,7.1883,12808.2797701
2017-10-21 06:00:00,7.448,7.2788,7.45,7.2107,19977.1108344
2017-10-21 05:00:00,7.2049,7.445,7.4481,7.1872,24171.3127065
2017-10-21 04:00:00,7.2,7.2043,7.2756,7.1,26090.9512072
2017-10-21 03:00:00,7.2862,7.2,7.2987,7.2,41004.0901083
2017-10-21 02:00:00,7.2984,7.2851,7.3651,7.285,11054.4749583
2017-10-21 01:00:00,7.306,7.2955,7.44,7.2763,12896.2589938
2017-10-21 00:00:00,7.3026,7.306,7.3165,7.26,10933.2502423
2017-10-20 23:00:00,7.3271,7.2643,7.3753,7.2643,15950.1349392
2017-10-20 22:00:00,7.41,7.3351,7.4736,7.26,24179.8360234
2017-10-20 21:00:00,7.439,7.3811,7.4568,7.3569,16114.5469363
2017-10-20 20:00:00,7.4247,7.4345,7.449,7.288,64588.561009
2017-10-20 19:00:00,7.5265,7.4325,7.5459,7.3881,22209.860879
2017-10-20 18:00:00,7.5306,7.5307,7.63,7.4801,15436.9775297
2017-10-20 17:00:00,7.46,7.5306,7.557,7.44,23853.1795817
2017-10-20 16:00:00,7.5384,7.4771,7.65,7.45,39554.2228332
2017-10-20 15:00:00,7.65,7.5384,7.82,7.45,130424.323326
2017-10-20 14:00:00,7.6628,7.6566,7.77,7.643,33654.2725485
2017-10-20 13:00:00,7.6603,7.6836,7.71,7.6365,22958.2007813
2017-10-20 12:00:00,7.6871,7.6699,7.7199,7.6455,6057.99621814
2017-10-20 11:00:00,7.666,7.7,7.72,7.666,10391.9870222
2017-10-20 10:00:00,7.65,7.666,7.6998,7.628,16014.0978854
2017-10-20 09:00:00,7.68,7.65,7.7,7.638,31512.9598192
2017-10-20 08:00:00,7.7123,7.68,7.7157,7.6496,31346.6067512
2017-10-20 07:00:00,7.6834,7.7245,7.7719,7.68,8417.6506194
2017-10-20 06:00:00,7.6903,7.6999,7.7798,7.68,22727.590305
2017-10-20 05:00:00,7.7815,7.6906,7.808,7.6858,39704.0678579
2017-10-20 04:00:00,7.7577,7.7611,7.848,7.7577,4209.88821483
2017-10-20 03:00:00,7.74,7.76,7.8168,7.74,3291.432289
2017-10-20 02:00:00,7.7881,7.7648,7.8,7.738,5389.25010857
2017-10-20 01:00:00,7.8139,7.78,7.8188,7.78,1773.93728437
2017-10-20 00:00:00,7.842,7.8014,7.85,7.78,6282.9034059
2017-10-19 23:00:00,7.841,7.821,7.8499,7.821,3605.51721958
2017-10-19 22:00:00,7.7949,7.841,7.849,7.79,6877.72116401
2017-10-19 21:00:00,7.8395,7.7977,7.8499,7.7303,15724.7534164
2017-10-19 20:00:00,7.7061,7.84,7.8498,7.7061,10345.9462698
2017-10-19 19:00:00,7.7629,7.703,7.7869,7.703,8287.91685067
2017-10-19 18:00:00,7.7221,7.7671,7.7923,7.722,3532.65056824
2017-10-19 17:00:00,7.762,7.7255,7.7737,7.705,8329.41228281
2017-10-19 16:00:00,7.6978,7.7645,7.8498,7.6834,12096.7137686
2017-10-19 15:00:00,7.7765,7.697,7.8044,7.67,28288.0269095
2017-10-19 14:00:00,7.83,7.7765,7.87,7.74,26885.5235402
2017-10-19 13:00:00,7.837,7.8333,7.88,7.778,22368.0433857
2017-10-19 12:00:00,7.9068,7.837,7.9393,7.8257,15239.7873203
2017-10-19 11:00:00,7.9431,7.9028,7.9586,7.8786,13361.7281858
2017-10-19 10:00:00,7.9534,7.9353,8.06,7.8769,52136.9146808
2017-10-19 09:00:00,7.8781,7.9529,7.972,7.85,26595.7057366
2017-10-19 08:00:00,7.851,7.9,7.9365,7.849,7132.62348364
2017-10-19 07:00:00,7.8003,7.851,7.875,7.7971,7051.61713575
2017-10-19 06:00:00,7.8213,7.8002,7.889,7.8002,8676.89155417
2017-10-19 05:00:00,7.8915,7.81,7.9,7.81,6346.78408325
2017-10-19 04:00:00,7.8899,7.89,7.93,7.8652,14666.4304733
2017-10-19 03:00:00,7.8801,7.883,7.893,7.8549,5848.77345359
2017-10-19 02:00:00,7.8581,7.88,7.8836,7.824,3570.16680452
2017-10-19 01:00:00,7.7677,7.8559,7.9,7.76,16220.2546301
2017-10-19 00:00:00,7.7998,7.7689,7.88,7.7689,27283.9933899
2017-10-18 23:00:00,7.8668,7.7958,7.889,7.78,9302.37184801
2017-10-18 22:00:00,7.824,7.8669,7.8949,7.75,12178.2326142
2017-10-18 21:00:00,7.8919,7.84,7.9,7.7716,18974.3606321
2017-10-18 20:00:00,7.7691,7.892,7.8921,7.726,14028.623931
2017-10-18 19:00:00,7.9,7.7469,7.9175,7.723,15923.7388498
2017-10-18 18:00:00,7.8,7.9,7.9,7.7564,15377.2201782
2017-10-18 17:00:00,7.7589,7.8,7.825,7.7,18459.5463685
2017-10-18 16:00:00,7.8289,7.7589,7.889,7.679,36117.4880609
2017-10-18 15:00:00,7.6789,7.7851,7.8777,7.6513,29383.5772004
2017-10-18 14:00:00,7.7092,7.6789,7.776,7.5999,101970.70231
2017-10-18 13:00:00,7.9067,7.7,7.9268,7.7,35173.0126306
2017-10-18 12:00:00,8.04,7.9067,8.0949,7.89,65133.2666116
2017-10-18 11:00:00,7.8239,8.0399,8.0821,7.7656,67046.815528
2017-10-18 10:00:00,7.77,7.824,7.827,7.709,14932.8754674
2017-10-18 09:00:00,7.7396,7.77,7.7866,7.708,15656.7428085
2017-10-18 08:00:00,7.695,7.7349,7.7699,7.62,26639.1790258
2017-10-18 07:00:00,7.6978,7.695,7.7866,7.6612,21560.0932074
2017-10-18 06:00:00,7.8401,7.6978,7.8401,7.6502,66722.1561336
2017-10-18 05:00:00,7.8816,7.817,7.9267,7.815,15264.3573879
2017-10-18 04:00:00,7.7894,7.88,7.9049,7.7894,12609.7079802
2017-10-18 03:00:00,7.8325,7.7958,7.854,7.7,23945.6993274
2017-10-18 02:00:00,7.8104,7.8319,7.87,7.8104,13184.6378616
2017-10-18 01:00:00,7.8,7.8083,7.8279,7.74,24681.6218522
2017-10-18 00:00:00,7.9351,7.8,7.95,7.8,45508.3584643
2017-10-17 23:00:00,7.9501,7.9351,8.05,7.9101,19163.1753563
2017-10-17 22:00:00,8.0002,7.95,8.098,7.9457,13164.9514411
2017-10-17 21:00:00,8.0225,8.0001,8.1,7.9001,19235.014659
2017-10-17 20:00:00,8.188,8.0155,8.204,7.9281,50184.55804
2017-10-17 19:00:00,8.05,8.188,8.188,8.0431,29150.7133152
2017-10-17 18:00:00,8.1261,8.05,8.155,8.0,41891.1693989
2017-10-17 17:00:00,8.1199,8.126,8.188,7.8901,80980.2810228
2017-10-17 16:00:00,8.02,8.0692,8.261,8.002,135283.501557
2017-10-17 15:00:00,7.9237,8.0277,8.0727,7.8851,116571.647772
2017-10-17 14:00:00,7.8699,7.9057,7.9465,7.827,21440.2583284
2017-10-17 13:00:00,7.9112,7.86,7.912,7.8001,23389.2175484
2017-10-17 12:00:00,7.7519,7.912,7.9978,7.685,97277.7720836
2017-10-17 11:00:00,7.7317,7.75,7.797,7.63,35521.905934
2017-10-17 10:00:00,7.7797,7.7364,7.7798,7.6999,21878.5788175
2017-10-17 09:00:00,7.82,7.7796,7.8229,7.7001,9625.12690093
2017-10-17 08:00:00,7.6861,7.82,7.82,7.6632,27867.3050718
2017-10-17 07:00:00,7.715,7.6894,7.752,7.6237,37274.7218063
2017-10-17 06:00:00,7.7001,7.719,7.7452,7.674,6722.83936903
2017-10-17 05:00:00,7.7047,7.7,7.727,7.673,7652.029467
2017-10-17 04:00:00,7.6979,7.699,7.74,7.6815,8760.55895326
2017-10-17 03:00:00,7.7279,7.683,7.74,7.6825,11877.0358637
2017-10-17 02:00:00,7.7376,7.7387,7.7679,7.7,12376.627209
2017-10-17 01:00:00,7.7918,7.7249,7.8092,7.7,29023.7191214
2017-10-17 00:00:00,7.8216,7.77,7.9,7.765,37709.0851062
2017-10-16 23:00:00,7.8343,7.8104,7.9096,7.8048,16638.8004656
2017-10-16 22:00:00,7.835,7.8343,7.861,7.7551,3143.97523849
2017-10-16 21:00:00,7.768,7.8494,7.8699,7.7513,6460.51663746
2017-10-16 20:00:00,7.8353,7.776,7.87,7.7511,19730.3964164
2017-10-16 19:00:00,7.795,7.8359,7.85,7.7701,15013.1812018
2017-10-16 18:00:00,7.7711,7.7752,7.85,7.761,22079.8450451
2017-10-16 17:00:00,7.688,7.7623,7.777,7.6811,17878.0889733
2017-10-16 16:00:00,7.7631,7.688,7.8484,7.6845,56891.7830677
2017-10-16 15:00:00,7.8005,7.776,7.8199,7.6833,14301.0099708
2017-10-16 14:00:00,7.6812,7.8007,7.8442,7.6801,15041.6095424
2017-10-16 13:00:00,7.8347,7.6813,7.861,7.6,57791.7534815
2017-10-16 12:00:00,7.8961,7.8343,7.922,7.802,6714.8367148
2017-10-16 11:00:00,7.8593,7.8988,7.9,7.82,25298.9221414
2017-10-16 10:00:00,7.8598,7.8587,7.899,7.74,21099.4657374
2017-10-16 09:00:00,7.6367,7.86,7.8938,7.6,56960.5704607
2017-10-16 08:00:00,7.7241,7.6133,7.7241,7.6133,46639.6794803
2017-10-16 07:00:00,7.8075,7.721,7.8122,7.6514,27130.5273524
2017-10-16 06:00:00,7.872,7.83,7.8875,7.7467,56380.5999771
2017-10-16 05:00:00,7.7959,7.872,7.8999,7.707,23014.5945669
2017-10-16 04:00:00,7.8299,7.7764,7.8818,7.714,26312.9242597
2017-10-16 03:00:00,7.895,7.8113,7.9553,7.8001,25077.3967152
2017-10-16 02:00:00,8.0451,7.895,8.0451,7.895,27625.0055786
2017-10-16 01:00:00,8.0037,8.0454,8.0699,7.9,15713.0966893
2017-10-16 00:00:00,7.9725,8.01,8.109,7.9399,19058.0340303
2017-10-15 23:00:00,8.0792,7.98,8.109,7.9107,16928.4870793
2017-10-15 22:00:00,7.9885,8.0793,8.1171,7.86,28921.3919135
2017-10-15 21:00:00,8.1105,7.9998,8.15,7.875,34290.7614862
2017-10-15 20:00:00,8.1499,8.1108,8.265,8.0,71128.4790975
2017-10-15 19:00:00,7.9434,8.15,8.2423,7.86,85763.0216723
2017-10-15 18:00:00,7.7359,7.998,8.0714,7.7359,49612.4761712
2017-10-15 17:00:00,7.744,7.736,7.79,7.71,8021.74336429
2017-10-15 16:00:00,7.73,7.7441,7.7556,7.6594,22817.5309019
2017-10-15 15:00:00,7.6739,7.73,7.7999,7.64,36535.4687815
2017-10-15 14:00:00,7.7141,7.672,7.7488,7.6123,45209.7552802
2017-10-15 13:00:00,7.7901,7.7141,7.8289,7.7,23431.9241027
2017-10-15 12:00:00,7.78,7.7903,7.8619,7.751,18743.1934479
2017-10-15 11:00:00,7.901,7.788,7.901,7.7613,18465.6776178
2017-10-15 10:00:00,7.8347,7.9001,7.99,7.7655,20885.3935533
2017-10-15 09:00:00,7.8789,7.8278,7.9,7.7521,22207.8921079
2017-10-15 08:00:00,7.9195,7.88,8.0,7.7611,51280.6898894
2017-10-15 07:00:00,7.9501,7.92,7.9996,7.92,8145.95807447
2017-10-15 06:00:00,7.944,7.9427,8.0089,7.85,7944.99379011
2017-10-15 05:00:00,7.8994,7.8927,8.0544,7.89,24722.6790016
2017-10-15 04:00:00,7.8385,7.8985,7.9199,7.81,8693.37273157
2017-10-15 03:00:00,7.8423,7.8385,7.8818,7.76,26892.2475076
2017-10-15 02:00:00,7.9034,7.8413,7.9594,7.74,30772.9533482
2017-10-15 01:00:00,7.8783,7.903,7.9792,7.8459,19021.0716763
2017-10-15 00:00:00,8.0403,7.8641,8.0403,7.8532,81776.8086109
2017-10-14 23:00:00,8.0148,8.0403,8.0899,8.0,23904.209938
2017-10-14 22:00:00,8.0909,8.0147,8.144,8.0,34583.5860113
2017-10-14 21:00:00,8.0898,8.0997,8.1859,8.0654,18458.0165709
2017-10-14 20:00:00,8.1103,8.0898,8.1466,8.045,11655.5843551
2017-10-14 19:00:00,8.0689,8.1371,8.16,8.0555,18540.6024783
2017-10-14 18:00:00,8.11,8.0689,8.1471,8.06,27559.2840757
2017-10-14 17:00:00,8.1383,8.1028,8.1741,8.099,28126.6749926
2017-10-14 16:00:00,8.1875,8.1124,8.2,8.1112,12314.1388688
2017-10-14 15:00:00,8.1301,8.1815,8.199,8.0691,38190.0978006
2017-10-14 14:00:00,8.1098,8.123,8.1369,8.07,17373.4413004
2017-10-14 13:00:00,8.1125,8.105,8.1447,8.0611,29408.2525976
2017-10-14 12:00:00,8.172,8.1057,8.2,8.0719,54334.374581
2017-10-14 11:00:00,8.3367,8.15,8.3368,8.15,34888.8563112
2017-10-14 10:00:00,8.2556,8.311,8.3368,8.22,6148.29902871
2017-10-14 09:00:00,8.3295,8.251,8.338,8.2002,11804.496593
2017-10-14 08:00:00,8.24,8.3358,8.3415,8.24,7803.22018359
2017-10-14 07:00:00,8.1984,8.233,8.2763,8.1982,9002.99064284
2017-10-14 06:00:00,8.1716,8.1731,8.28,8.121,14924.0507228
2017-10-14 05:00:00,8.2311,8.1717,8.3253,8.1399,22556.3594947
2017-10-14 04:00:00,8.2151,8.2312,8.2603,8.152,8795.24042394
2017-10-14 03:00:00,8.2629,8.2286,8.3028,8.2002,16418.5061643
2017-10-14 02:00:00,8.21,8.2756,8.29,8.1935,8415.00018837
2017-10-14 01:00:00,8.226,8.21,8.284,8.1894,7774.25704849
2017-10-14 00:00:00,8.2917,8.2123,8.3198,8.1068,24629.8958349
2017-10-13 23:00:00,8.3235,8.2917,8.4038,8.2543,17473.792886
2017-10-13 22:00:00,8.2563,8.3103,8.42,8.2401,21832.4187851
2017-10-13 21:00:00,8.2742,8.235,8.2912,8.1913,5056.68919568
2017-10-13 20:00:00,8.325,8.2741,8.379,8.11,33354.0294927
2017-10-13 19:00:00,8.2487,8.325,8.4,8.2172,26324.1995029
2017-10-13 18:00:00,8.1912,8.26,8.26,8.1729,9552.39729167
2017-10-13 17:00:00,8.0966,8.191,8.23,8.0731,30621.2175828
2017-10-13 16:00:00,8.1517,8.0999,8.19,8.07,32921.3446661
2017-10-13 15:00:00,8.1572,8.1517,8.27,8.1513,40134.7538207
2017-10-13 14:00:00,8.2661,8.1563,8.3022,8.109,56569.0136725
2017-10-13 13:00:00,8.4401,8.27,8.4703,8.251,43934.9561961
2017-10-13 12:00:00,8.45,8.4296,8.578,8.3901,13459.4276529
2017-10-13 11:00:00,8.3238,8.4708,8.5499,8.2863,34123.1308909
2017-10-13 10:00:00,8.4465,8.3019,8.4465,8.2716,9628.90768584
2017-10-13 09:00:00,8.36,8.4065,8.464,8.312,19536.653149
2017-10-13 08:00:00,8.616,8.35,8.616,8.2599,39019.8561763
2017-10-13 07:00:00,8.6464,8.616,8.6913,8.51,26272.1065246
2017-10-13 06:00:00,8.5789,8.6545,8.71,8.4717,76045.7978642
2017-10-13 05:00:00,8.185,8.5291,8.6198,8.1,70256.2018931
2017-10-13 04:00:00,8.2156,8.1808,8.31,8.1,26734.0205807
2017-10-13 03:00:00,8.1464,8.2027,8.296,8.1057,27121.9445033
2017-10-13 02:00:00,8.256,8.1474,8.4,8.02,79594.2799408
2017-10-13 01:00:00,8.1635,8.2552,8.378,8.1402,25780.7111673
2017-10-13 00:00:00,8.2027,8.1593,8.3,8.1205,37158.2932009
2017-10-12 23:00:00,8.3821,8.2303,8.3828,8.1697,29943.6417786
2017-10-12 22:00:00,8.4986,8.3783,8.53,8.3783,12044.7713867
2017-10-12 21:00:00,8.3303,8.4498,8.577,8.3001,35669.1772329
2017-10-12 20:00:00,8.2381,8.3004,8.3379,8.1727,26462.5164514
2017-10-12 19:00:00,8.3329,8.2381,8.35,8.2381,34044.6173999
2017-10-12 18:00:00,8.39,8.333,8.5,8.3294,17085.6096577
2017-10-12 17:00:00,8.4489,8.39,8.5156,8.2915,49352.7078198
2017-10-12 16:00:00,8.4301,8.4488,8.5749,8.3619,78196.8039849
2017-10-12 15:00:00,8.63,8.43,8.65,8.401,40762.8658515
2017-10-12 14:00:00,8.62,8.63,8.6472,8.5,19741.4204883
2017-10-12 13:00:00,8.5851,8.6462,8.65,8.482,29431.8801161
2017-10-12 12:00:00,8.54,8.6079,8.64,8.4577,36423.7048791
2017-10-12 11:00:00,8.5396,8.5135,8.57,8.3501,20167.681724
2017-10-12 10:00:00,8.6717,8.5686,8.69,8.4409,43920.3858824
2017-10-12 09:00:00,8.583,8.6899,8.719,8.38,118931.883715
2017-10-12 08:00:00,8.4155,8.5333,8.7252,8.161,157348.913683
2017-10-12 07:00:00,8.4207,8.4145,8.5681,8.235,202308.543809
2017-10-12 06:00:00,8.6994,8.42,8.909,8.42,169901.889211
2017-10-12 05:00:00,8.828,8.6989,8.9369,8.62,130129.437115
2017-10-12 04:00:00,9.0814,8.826,9.15,8.768,95441.098246
2017-10-12 03:00:00,9.3746,9.0923,9.377,8.9277,188169.813802
2017-10-12 02:00:00,9.3016,9.36,9.6,9.3,175284.325241
2017-10-12 01:00:00,9.234,9.3016,9.315,9.225,28203.5977046
2017-10-12 00:00:00,9.2543,9.234,9.2863,9.185,25427.9606279
2017-10-11 23:00:00,9.3124,9.2544,9.314,9.1537,33365.8990543
2017-10-11 22:00:00,8.9878,9.3124,9.315,8.97,51450.589438
2017-10-11 21:00:00,9.0879,8.9702,9.0903,8.928,30588.4253742
2017-10-11 20:00:00,9.0646,9.088,9.1333,9.0,22329.7106234
2017-10-11 19:00:00,9.0936,9.0647,9.25,9.0501,43999.8589266
2017-10-11 18:00:00,9.128,9.0936,9.1399,9.0302,25865.6461059
2017-10-11 17:00:00,9.051,9.128,9.1446,8.9266,43263.5124738
2017-10-11 16:00:00,9.0617,9.05,9.195,9.047,57059.3788877
2017-10-11 15:00:00,8.9738,9.0617,9.0969,8.965,94779.2537511
2017-10-11 14:00:00,8.8454,8.9738,8.9859,8.8372,41631.3555099
2017-10-11 13:00:00,8.9585,8.8453,8.9945,8.823,40491.6560556
2017-10-11 12:00:00,8.99,8.9581,9.0796,8.9121,48426.9204118
2017-10-11 11:00:00,8.8544,9.0,9.04,8.8254,64625.2826555
2017-10-11 10:00:00,8.7635,8.8477,8.907,8.7086,54994.767366
2017-10-11 09:00:00,9.0216,8.7511,9.0299,8.7205,116708.096888
2017-10-11 08:00:00,8.8789,9.0216,9.1454,8.8777,49306.1226005
2017-10-11 07:00:00,9.1191,8.8777,9.294,8.8777,157430.921678
2017-10-11 06:00:00,9.0225,9.1227,9.3663,8.907,200108.345509
2017-10-11 05:00:00,8.81,9.0225,9.0225,8.7201,114351.36528
2017-10-11 04:00:00,8.6265,8.81,9.2504,8.5626,409483.103497
2017-10-11 03:00:00,8.29,8.61,8.73,8.2623,160408.47226
2017-10-11 02:00:00,8.17,8.29,8.29,8.1548,15937.7410652
2017-10-11 01:00:00,8.247,8.1704,8.3836,8.1652,41956.0735628
2017-10-11 00:00:00,8.0865,8.247,8.33,8.0861,44504.3407003
2017-10-10 23:00:00,8.2591,8.0865,8.32,8.001,87541.2443995
2017-10-10 22:00:00,8.35,8.2591,8.4,8.2561,64539.4509483
2017-10-10 21:00:00,8.14,8.35,8.4,8.1352,125215.272891
2017-10-10 20:00:00,7.98,8.1399,8.149,7.9673,38536.9116535
2017-10-10 19:00:00,7.8294,8.0287,8.1359,7.8233,52519.1909184
2017-10-10 18:00:00,7.9,7.8259,7.9123,7.75,33596.5211645
2017-10-10 17:00:00,7.9077,7.8801,7.91,7.7502,26808.3198183
2017-10-10 16:00:00,7.7567,7.9109,7.98,7.69,16705.5959451
2017-10-10 15:00:00,7.7699,7.75,7.7914,7.69,21698.948888
2017-10-10 14:00:00,8.019,7.6917,8.02,7.654,54350.4451481
2017-10-10 13:00:00,8.025,8.02,8.1345,7.78,86236.7455068
2017-10-10 12:00:00,8.0384,8.02,8.07,7.9101,23660.6252596
2017-10-10 11:00:00,8.0261,8.039,8.05,7.9499,26098.5172272
2017-10-10 10:00:00,7.97,8.0261,8.0999,7.9602,26052.0718523
2017-10-10 09:00:00,7.9502,7.97,8.09,7.8377,26011.6741787
2017-10-10 08:00:00,7.8371,7.9501,8.098,7.8312,96439.4646858
2017-10-10 07:00:00,7.768,7.84,7.8895,7.7125,16215.2844459
2017-10-10 06:00:00,7.7103,7.7528,7.79,7.6667,19209.4509375
2017-10-10 05:00:00,7.7702,7.688,7.94,7.5912,75133.231104
2017-10-10 04:00:00,7.576,7.7704,7.8156,7.576,41650.7959145
2017-10-10 03:00:00,7.5491,7.576,7.6,7.47,18335.1363442
2017-10-10 02:00:00,7.3939,7.5491,7.5975,7.3413,35908.3264916
2017-10-10 01:00:00,7.3118,7.444,7.444,7.2753,15096.6971074
2017-10-10 00:00:00,7.4926,7.3,7.497,7.3,24026.8810896
2017-10-09 23:00:00,7.5505,7.4845,7.7899,7.4417,61832.9464208
2017-10-09 22:00:00,7.63,7.554,7.6739,7.304,38064.6773245
2017-10-09 21:00:00,7.1789,7.6306,7.6306,7.1789,52587.7326666
2017-10-09 20:00:00,7.2546,7.1744,7.485,7.1401,102617.188951
2017-10-09 19:00:00,7.3657,7.2546,7.383,6.91,203351.717027
2017-10-09 18:00:00,7.79,7.3647,7.8029,7.35,103975.133534
2017-10-09 17:00:00,7.7908,7.78,7.89,7.78,35198.5296483
2017-10-09 16:00:00,7.795,7.7913,7.8599,7.78,31743.4087601
2017-10-09 15:00:00,7.8097,7.7802,7.8505,7.6676,68282.6942245
2017-10-09 14:00:00,7.9699,7.8095,8.15,7.7,78991.1564257
2017-10-09 13:00:00,7.7979,7.9471,7.9699,7.758,21037.236816
2017-10-09 12:00:00,7.873,7.79,8.06,7.7879,55500.5717663
2017-10-09 11:00:00,7.6524,7.88,7.88,7.6128,22042.8158149
2017-10-09 10:00:00,7.8496,7.6501,7.857,7.6501,34429.3379862
2017-10-09 09:00:00,7.8401,7.8301,8.059,7.83,117024.01245
2017-10-09 08:00:00,7.4453,7.8409,7.8409,7.431,55407.3459056
2017-10-09 07:00:00,7.5505,7.4475,7.58,7.4,28580.7132357
2017-10-09 06:00:00,7.661,7.5212,7.6998,7.401,42321.4807313
2017-10-09 05:00:00,7.3738,7.6488,7.7007,7.36,33722.1058593
2017-10-09 04:00:00,7.44,7.3601,7.5785,7.34,62537.555847
2017-10-09 03:00:00,7.8136,7.4358,7.8387,7.4,123963.091125
2017-10-09 02:00:00,7.7502,7.8142,7.8142,7.6744,16752.2312658
2017-10-09 01:00:00,7.816,7.749,7.82,7.6733,23700.8845711
2017-10-09 00:00:00,7.7463,7.816,7.8591,7.53,62783.3743045
2017-10-08 23:00:00,7.9587,7.7463,8.0078,7.6732,52529.0376332
2017-10-08 22:00:00,7.7997,7.92,8.0197,7.6219,49620.3016412
