MTS,OPEN,CLOSE,HIGH,LOW,VOLUME
2017-11-18,7.6493,8.1932,8.637,7.382,1974999.66574
2017-11-17,7.191,7.6301,7.8,7.082,858761.727171
2017-11-16,7.71,7.191,7.7294,7.1,652931.789063
2017-11-15,7.8556,7.71,8.058,7.25,890218.1515
2017-11-14,7.51,7.8556,7.9118,7.19,850561.671965
2017-11-13,6.5788,7.51,7.6788,6.509,1537002.83217
2017-11-12,7.2911,6.5713,7.3454,6.01,1680703.14507
2017-11-11,6.9697,7.2834,7.58,6.8541,1029844.99775
2017-11-10,8.0395,6.9699,8.1359,6.66,2187591.67423
2017-11-09,7.629,8.0352,8.5,7.513,2214103.97724
2017-11-08,6.313,7.6292,8.2,6.26,3189715.93998
2017-11-07,6.4978,6.3192,6.685,6.0451,525036.418052
2017-11-06,6.2653,6.4815,6.7,6.181,571268.505806
2017-11-05,6.4327,6.2666,6.4948,6.1138,443521.05672
2017-11-04,6.7014,6.4651,6.7783,6.3441,487045.71975
2017-11-03,6.2198,6.7089,6.8236,6.09,1106803.84032
2017-11-02,6.0599,6.2188,6.7155,5.4842,2917913.07776
2017-11-01,6.8355,6.0727,6.99,6.01,1941522.77116
2017-10-31,7.243,6.8205,7.2958,6.8151,744576.632352
2017-10-30,7.29,7.244,7.44,7.12,411589.485394
2017-10-29,7.1546,7.3138,7.5,7.1153,430614.645748
2017-10-28,7.47,7.1628,7.5572,7.1546,547772.787414
2017-10-27,7.6201,7.4808,8.1,7.3866,872635.330557
2017-10-26,7.6471,7.611,7.816,7.3935,575296.474859
2017-10-25,8.124,7.648,8.131,7.5206,589283.603688
2017-10-24,7.65,8.1086,8.7099,7.3857,1921337.26044
2017-10-23,7.6399,7.65,7.7,7.03,453502.791045
2017-10-22,7.3686,7.64,7.798,7.3101,542478.719156
2017-10-21,7.3026,7.3676,7.45,6.91,498581.801973
2017-10-20,7.842,7.2643,7.85,7.26,596044.484168
2017-10-19,7.7998,7.821,8.06,7.67,350473.896307
2017-10-18,7.9351,7.7958,8.0949,7.5999,719774.38628
2017-10-17,7.8216,7.9351,8.261,7.6237,894021.794143
2017-10-16,7.9725,7.8104,8.109,7.6,621996.613745
2017-10-15,8.0403,7.98,8.265,7.6123,762213.971207
2017-10-14,8.2917,8.0403,8.3415,8.0,487609.436207
2017-10-13,8.2027,8.2917,8.71,8.02,802506.144322
2017-10-12,9.2543,8.2303,9.6,8.161,1764395.24781
2017-10-11,8.0865,9.2544,9.3663,8.0861,1963066.83967
2017-10-10,7.4926,8.0865,8.4,7.2753,1051586.80392
2017-10-09,7.7463,7.4845,8.15,6.91,1476447.94266
2017-10-08,8.5475,7.7463,8.65,7.6005,1060540.19391
2017-10-07,8.666,8.5408,8.7857,8.1187,612342.994627
2017-10-06,8.8031,8.666,8.9106,8.455,469788.109805
2017-10-05,8.6521,8.7988,9.06,8.1707,871606.516582
2017-10-04,9.2599,8.6701,9.2739,8.5,771861.377024
2017-10-03,9.1934,9.269,9.3469,8.5,1363335.82809
2017-10-02,9.8637,9.2147,10.048,9.0551,1311372.71685
2017-10-01,10.142,9.8628,10.201,9.54,693913.639356
2017-09-30,9.78,10.142,10.349,9.68,1066115.57095
2017-09-29,10.454,9.807,10.666,8.9,2507800.69014
2017-09-28,10.317,10.453,11.55,10.028,2367545.41843
2017-09-27,9.72,10.319,10.599,9.72,1560951.43971
2017-09-26,10.013,9.719,10.365,9.616,1140720.82868
2017-09-25,8.609,10.013,10.469,8.56,2773054.92883
2017-09-24,8.9647,8.601,9.1499,8.434,937490.623992
2017-09-23,8.571,9.0078,9.365,8.3105,1566372.15276
2017-09-22,8.0599,8.6138,8.9423,7.82,2477296.9841
2017-09-21,9.037,8.06,9.4152,7.61,2787753.2047
2017-09-20,9.886,9.036,9.989,9.031,1398977.30652
2017-09-19,11.0,9.948,11.037,9.6211,1713303.47578
2017-09-18,9.8299,11.0,11.403,9.8299,2380911.92101
2017-09-17,9.88,9.823,10.345,8.95,2076195.91821
2017-09-16,10.0,9.894,10.67,9.21,3251887.9007
2017-09-15,8.101,9.995,10.548,6.5,8796127.67795
2017-09-14,10.528,8.1,11.142,7.552,5524324.39315
2017-09-13,11.644,10.548,11.68,9.428,3393341.46246
2017-09-12,11.38,11.676,13.7,10.916,3456632.98285
2017-09-11,11.4,11.368,12.099,11.0,1369309.75499
2017-09-10,12.313,11.38,12.396,10.58,1937700.76514
2017-09-09,11.402,12.305,12.4,10.811,1901587.74353
2017-09-08,12.854,11.444,13.489,10.36,3967701.73347
2017-09-07,11.599,12.79,13.686,10.711,4025491.08105
2017-09-06,10.99,11.599,11.902,10.3,3033451.54714
2017-09-05,8.81,10.99,11.441,7.6105,4258593.97459
2017-09-04,10.741,8.81,10.741,7.333,6177152.45138
2017-09-03,10.802,10.741,11.4,9.5415,1865427.05698
2017-09-02,12.014,10.849,12.118,9.8,2424760.44558
2017-09-01,11.824,12.014,12.686,11.648,2026107.64391
2017-08-31,11.236,11.824,12.2,10.75,1935061.47151
2017-08-30,9.4838,11.242,11.81,9.42,4457926.92184
2017-08-29,8.62,9.4837,9.7612,8.437,2521897.51286
2017-08-28,8.3379,8.62,8.97,8.081,1478784.04042
2017-08-27,8.2899,8.3379,8.3838,7.99,601965.013809
2017-08-26,8.2399,8.28,8.3998,7.7681,849136.847353
2017-08-25,8.38,8.1837,8.5,7.93,723681.799198
2017-08-24,8.2,8.38,8.45,7.8888,747514.602401
2017-08-23,7.5979,8.1939,8.6836,7.49,2197025.14049
2017-08-22,7.6909,7.5968,7.7258,6.8,1451237.79696
2017-08-21,8.5,7.645,8.6,7.265,1901640.94192
2017-08-20,7.7999,8.48,8.9,7.1408,1978144.75203
2017-08-19,7.272,7.82,8.0,6.233,2260595.26468
2017-08-18,8.3544,7.25,8.45,6.0841,4089493.41285
2017-08-17,8.9053,8.3164,9.549,8.213,3372378.78955
2017-08-16,6.73,8.85,9.25,6.67,5846702.29854
2017-08-15,7.03,6.7237,7.13,6.0814,2329425.17502
2017-08-14,6.9,7.03,7.47,6.3,2925238.39306
2017-08-13,6.2,6.8804,7.499,5.24,4475382.60466
2017-08-12,7.245,6.2011,7.626,5.776,3559714.36464
2017-08-11,5.9266,7.245,7.75,5.27,7013329.84877
2017-08-10,3.43,5.928,6.6,3.35,11273379.12
2017-08-09,3.6607,3.429,3.708,3.21,1636988.31375
2017-08-08,3.052,3.67,3.8277,3.0351,3052839.25272
2017-08-07,2.73,3.0514,3.26,2.6011,2549527.88657
2017-08-06,3.626,2.73,3.6458,2.51,2361655.29812
2017-08-05,2.8099,3.6,3.899,2.1452,6124094.83774
2017-08-04,1.9308,2.8099,3.12,1.9058,3023692.53968
2017-08-03,1.3704,1.9497,2.12,1.34,1784866.80423
2017-08-02,1.3419,1.3898,1.39,1.2705,495782.459669
2017-08-01,1.2179,1.3292,1.38,1.155,684508.660669
2017-07-31,1.2027,1.2179,1.2501,1.1283,301485.099928
2017-07-30,1.2829,1.1901,1.33,1.17,194477.839308
2017-07-29,1.165,1.2832,1.293,1.101,345174.962498
2017-07-28,1.382,1.1603,1.4068,1.1046,702689.845495
2017-07-27,1.1989,1.3601,1.4299,1.189,947930.878546
2017-07-26,1.2298,1.1893,1.3,1.0243,995399.737064
2017-07-25,1.5389,1.219,1.55,1.04,1494994.04983
2017-07-24,1.5,1.52,1.639,1.26,2049282.51491
2017-07-23,0.87511,1.4805,1.6189,0.84004,2956241.58803
2017-07-22,0.7401,0.87,0.9,0.7349,1097899.56755
2017-07-21,0.67995,0.746,0.7851,0.63001,440222.023743
2017-07-20,0.61,0.6521,0.73659,0.5901,860276.821009
2017-07-19,0.7725,0.561,0.8121,0.5599,941422.529448
2017-07-18,0.5819,0.7506,0.8997,0.5463,1958357.80626
2017-07-17,0.37831,0.5819,0.594,0.3748,1019477.14268
2017-07-16,0.42441,0.38,0.5209,0.315,894451.066996
2017-07-15,0.55511,0.426,0.6982,0.42009,800181.82273
2017-07-14,0.5,0.55257,0.85,0.411,305784.075236
