MTS,OPEN,CLOSE,HIGH,LOW,VOLUME
2017-11-19 12:00:00,8.024,8.0263,8.0693,7.95,32820.8718965
2017-11-19 09:00:00,8.0531,8.01,8.2,7.9826,66349.4619276
2017-11-19 06:00:00,8.15,8.0306,8.24,7.95,155252.242761
2017-11-19 03:00:00,8.0638,8.15,8.15,8.02,44433.5629032
2017-11-19 00:00:00,7.9212,8.0658,8.12,7.915,90278.2372625
2017-11-18 21:00:00,8.1282,7.9212,8.197,7.901,153399.47315
2017-11-18 18:00:00,8.0684,8.1549,8.23,8.003,139476.807847
2017-11-18 15:00:00,8.2179,8.0684,8.387,8.01,224109.226509
2017-11-18 12:00:00,8.23,8.2019,8.637,8.01,869776.438531
2017-11-18 09:00:00,8.0101,8.2355,8.2355,7.7,452442.58942
2017-11-18 06:00:00,7.6533,8.054,8.055,7.5125,366438.405632
2017-11-18 03:00:00,7.4672,7.6658,7.7199,7.382,135943.61094
2017-11-18 00:00:00,7.6493,7.5046,7.8,7.45,133720.215844
2017-11-17 21:00:00,7.5091,7.6301,7.6539,7.281,154300.833746
2017-11-17 18:00:00,7.3265,7.57,7.8,7.25,325958.346686
2017-11-17 15:00:00,7.2339,7.3265,7.4349,7.2258,108748.984142
2017-11-17 12:00:00,7.3156,7.2224,7.3611,7.2044,35294.2353529
2017-11-17 09:00:00,7.2039,7.3247,7.35,7.1977,29589.0445262
2017-11-17 06:00:00,7.349,7.2038,7.435,7.1101,75567.4130161
2017-11-17 03:00:00,7.2664,7.3675,7.3977,7.155,58925.5098915
2017-11-17 00:00:00,7.191,7.24,7.2999,7.082,70377.35981
2017-11-16 21:00:00,7.3271,7.191,7.398,7.1,184838.359637
2017-11-16 18:00:00,7.4268,7.3086,7.4506,7.259,67035.9895391
2017-11-16 15:00:00,7.3557,7.4508,7.4807,7.3106,55915.3754238
2017-11-16 12:00:00,7.4501,7.3542,7.5,7.2861,69067.1203876
2017-11-16 09:00:00,7.412,7.4501,7.49,7.2501,96321.978028
2017-11-16 06:00:00,7.65,7.4153,7.6807,7.4,77499.0255333
2017-11-16 03:00:00,7.6,7.65,7.65,7.4521,46420.5436852
2017-11-16 00:00:00,7.71,7.5742,7.7294,7.47,55833.3968287
2017-11-15 21:00:00,7.6112,7.71,7.7401,7.581,44161.6523195
2017-11-15 18:00:00,7.5301,7.6165,7.69,7.4513,91805.193667
2017-11-15 15:00:00,7.4805,7.53,7.568,7.25,130533.555568
2017-11-15 12:00:00,7.7763,7.4789,7.7763,7.45,203259.43597
2017-11-15 09:00:00,7.8999,7.7591,7.99,7.75,70569.1232809
2017-11-15 06:00:00,7.9099,7.8844,8.058,7.7901,152358.226266
2017-11-15 03:00:00,7.8507,7.8803,7.999,7.6356,121285.916447
2017-11-15 00:00:00,7.8556,7.8704,7.8762,7.6955,76245.0479814
2017-11-14 21:00:00,7.7162,7.8556,7.9118,7.5501,206000.830676
2017-11-14 18:00:00,7.5266,7.7463,7.768,7.4768,130547.103924
2017-11-14 15:00:00,7.5135,7.5266,7.5766,7.45,49856.6489485
2017-11-14 12:00:00,7.3089,7.5134,7.6275,7.19,195935.099731
2017-11-14 09:00:00,7.4163,7.31,7.5193,7.27,51903.9956639
2017-11-14 06:00:00,7.3899,7.4405,7.589,7.351,65808.6669849
2017-11-14 03:00:00,7.4445,7.3528,7.57,7.3098,72697.2614672
2017-11-14 00:00:00,7.51,7.4466,7.5399,7.3612,77812.0645698
2017-11-13 21:00:00,7.359,7.51,7.51,7.2659,80296.8242394
2017-11-13 18:00:00,7.2869,7.367,7.367,6.9252,169523.016519
2017-11-13 15:00:00,7.4387,7.2884,7.51,7.2165,106082.768996
2017-11-13 12:00:00,7.5141,7.4391,7.6,7.35,155353.385767
2017-11-13 09:00:00,7.4484,7.5083,7.6788,7.3728,247219.268572
2017-11-13 06:00:00,7.0489,7.4067,7.6775,7.0489,324780.759571
2017-11-13 03:00:00,6.917,7.0499,7.3568,6.8768,322392.272971
2017-11-13 00:00:00,6.5788,6.9151,7.0,6.509,131354.535533
2017-11-12 21:00:00,6.6851,6.5713,6.7521,6.3657,123334.238579
2017-11-12 18:00:00,6.841,6.7019,6.9,6.65,109651.11179
2017-11-12 15:00:00,6.6645,6.845,6.8899,6.6391,136182.663495
2017-11-12 12:00:00,6.7501,6.6679,6.8536,6.5123,103652.337933
2017-11-12 09:00:00,6.58,6.7463,6.8962,6.3484,177415.472806
2017-11-12 06:00:00,6.45,6.5799,7.1507,6.01,443633.099616
2017-11-12 03:00:00,7.0587,6.4507,7.0587,6.244,494609.98518
2017-11-12 00:00:00,7.2911,7.0587,7.3454,7.0241,92224.2356721
2017-11-11 21:00:00,7.41,7.2834,7.4439,7.12,114483.652407
2017-11-11 18:00:00,7.1656,7.409,7.4268,7.0673,202522.398053
2017-11-11 15:00:00,7.0505,7.1656,7.17,6.91,138904.439288
2017-11-11 12:00:00,7.2259,7.0427,7.3279,6.8541,196691.140482
2017-11-11 09:00:00,7.2936,7.2411,7.58,7.198,149906.569343
2017-11-11 06:00:00,7.0549,7.2943,7.4,7.0477,83299.4668672
2017-11-11 03:00:00,7.2183,7.0548,7.2183,6.9165,70203.5236568
2017-11-11 00:00:00,6.9697,7.2193,7.2841,6.9558,73833.8076538
2017-11-10 21:00:00,6.8182,6.9699,7.294,6.8101,220007.666091
2017-11-10 18:00:00,7.0917,6.8068,7.099,6.66,437892.290364
2017-11-10 15:00:00,7.1294,7.08,7.47,7.0701,158103.751359
2017-11-10 12:00:00,7.5097,7.1294,7.7887,7.1294,373059.183702
2017-11-10 09:00:00,7.899,7.5015,8.0029,7.5,303093.778738
2017-11-10 06:00:00,7.605,7.899,7.9,7.4105,373158.065293
2017-11-10 03:00:00,7.9204,7.605,8.0263,7.5499,206236.29133
2017-11-10 00:00:00,8.0395,7.9171,8.1359,7.851,116040.647353
2017-11-09 21:00:00,8.2,8.0352,8.22,7.8411,245899.913613
2017-11-09 18:00:00,8.3845,8.2,8.4489,8.0254,324728.699581
2017-11-09 15:00:00,8.1586,8.3779,8.4357,8.13,270660.988624
2017-11-09 12:00:00,8.1602,8.1813,8.5,8.051,352320.213189
2017-11-09 09:00:00,7.9589,8.16,8.199,7.8684,182638.525665
2017-11-09 06:00:00,8.15,7.95,8.3,7.8147,266361.996204
2017-11-09 03:00:00,7.823,8.15,8.3,7.7804,338588.545667
2017-11-09 00:00:00,7.629,7.7896,7.99,7.513,232905.094694
2017-11-08 21:00:00,7.8342,7.6292,8.0603,7.301,515399.630762
2017-11-08 18:00:00,7.6163,7.854,8.2,7.3,1644577.96215
2017-11-08 15:00:00,6.6053,7.6163,7.8,6.4563,602781.089601
2017-11-08 12:00:00,6.5412,6.6053,6.6797,6.483,132742.465105
2017-11-08 09:00:00,6.4442,6.5498,6.6789,6.3698,180981.434037
2017-11-08 06:00:00,6.45,6.4408,6.46,6.36,36826.547935
2017-11-08 03:00:00,6.3498,6.4369,6.5016,6.3498,41316.9858366
2017-11-08 00:00:00,6.313,6.3498,6.427,6.26,35089.8245531
2017-11-07 21:00:00,6.2411,6.3192,6.34,6.2,18491.8524579
2017-11-07 18:00:00,6.338,6.2,6.346,6.2,52928.6751584
2017-11-07 15:00:00,6.2499,6.338,6.349,6.0451,131490.928855
2017-11-07 12:00:00,6.5825,6.25,6.622,6.21,149977.368692
2017-11-07 09:00:00,6.5632,6.6,6.6099,6.5211,31371.595435
2017-11-07 06:00:00,6.4895,6.5633,6.685,6.4774,36524.57076
2017-11-07 03:00:00,6.5673,6.523,6.67,6.48,63609.7398077
2017-11-07 00:00:00,6.4978,6.5672,6.6099,6.432,40641.6868863
2017-11-06 21:00:00,6.5201,6.4815,6.6064,6.4235,68193.6450438
2017-11-06 18:00:00,6.3679,6.5375,6.7,6.3136,204254.907038
2017-11-06 15:00:00,6.3466,6.3564,6.398,6.2904,53916.803574
2017-11-06 12:00:00,6.33,6.34,6.4098,6.287,58648.8970361
2017-11-06 09:00:00,6.2376,6.33,6.33,6.1956,46220.5203544
2017-11-06 06:00:00,6.3319,6.2589,6.3405,6.181,42041.2436165
2017-11-06 03:00:00,6.2314,6.332,6.4174,6.2302,72959.9724987
2017-11-06 00:00:00,6.2653,6.2217,6.3235,6.206,25032.5166448
2017-11-05 21:00:00,6.194,6.2666,6.4416,6.17,93897.9433667
2017-11-05 18:00:00,6.2325,6.1943,6.3023,6.1138,88167.6267976
2017-11-05 15:00:00,6.26,6.208,6.2883,6.2014,45006.5814235
2017-11-05 12:00:00,6.3799,6.2594,6.3991,6.21,104833.53889
2017-11-05 09:00:00,6.3977,6.3799,6.4102,6.2716,54675.4250643
2017-11-05 06:00:00,6.4401,6.3976,6.4701,6.38,15357.9599996
2017-11-05 03:00:00,6.438,6.4387,6.4687,6.3649,19282.9969588
2017-11-05 00:00:00,6.4327,6.4511,6.4948,6.3501,22298.9842189
2017-11-04 21:00:00,6.386,6.4651,6.5,6.371,26984.9768049
2017-11-04 18:00:00,6.398,6.385,6.4699,6.3556,41088.2058379
2017-11-04 15:00:00,6.5549,6.398,6.5999,6.3441,85191.9691308
2017-11-04 12:00:00,6.5948,6.555,6.68,6.5,67305.8427028
2017-11-04 09:00:00,6.7328,6.595,6.74,6.531,76824.5754222
2017-11-04 06:00:00,6.6378,6.7329,6.7783,6.6378,42532.1320599
2017-11-04 03:00:00,6.5958,6.63,6.72,6.55,54783.1644779
2017-11-04 00:00:00,6.7014,6.5958,6.7399,6.5249,92334.853314
2017-11-03 21:00:00,6.6367,6.7089,6.8236,6.496,265373.231839
2017-11-03 18:00:00,6.5564,6.6422,6.65,6.3917,96696.4464682
2017-11-03 15:00:00,6.4963,6.5521,6.588,6.3345,75163.9482429
2017-11-03 12:00:00,6.4001,6.4999,6.6,6.3001,124791.946448
2017-11-03 09:00:00,6.2951,6.4001,6.5,6.16,160860.118793
2017-11-03 06:00:00,6.36,6.2956,6.536,6.22,95903.6093399
2017-11-03 03:00:00,6.495,6.362,6.5041,6.2532,118382.881246
2017-11-03 00:00:00,6.2198,6.4947,6.659,6.09,169631.65794
2017-11-02 21:00:00,6.4903,6.2188,6.52,6.2,102900.639086
2017-11-02 18:00:00,6.324,6.5175,6.7155,6.3,398408.939821
2017-11-02 15:00:00,6.249,6.324,6.3857,6.03,220375.13702
2017-11-02 12:00:00,6.2,6.249,6.28,5.93,190328.301924
2017-11-02 09:00:00,5.8445,6.2,6.35,5.661,410460.4925
2017-11-02 06:00:00,6.0497,5.8445,6.0899,5.781,199285.44309
2017-11-02 03:00:00,6.1955,6.0863,6.38,5.86,341194.572107
2017-11-02 00:00:00,6.0599,6.1954,6.69,5.4842,1054959.55221
2017-11-01 21:00:00,6.4674,6.0727,6.51,6.01,208268.843754
2017-11-01 18:00:00,6.32,6.43,6.5255,6.15,273552.314339
2017-11-01 15:00:00,6.287,6.3175,6.3907,6.1341,331190.215514
2017-11-01 12:00:00,6.46,6.287,6.49,6.2514,280252.73273
2017-11-01 09:00:00,6.5304,6.45,6.8,6.4101,414238.473744
2017-11-01 06:00:00,6.69,6.53,6.7071,6.51,172000.315352
2017-11-01 03:00:00,6.762,6.69,6.7809,6.6175,127699.977788
2017-11-01 00:00:00,6.8355,6.7775,6.99,6.7453,134319.897935
2017-10-31 21:00:00,7.045,6.8205,7.049,6.8151,192586.200608
2017-10-31 18:00:00,7.1201,7.04,7.16,7.0121,63345.9887423
2017-10-31 15:00:00,7.0466,7.1201,7.1451,7.001,183885.226752
2017-10-31 12:00:00,7.133,7.0689,7.187,7.0382,146123.431451
2017-10-31 09:00:00,7.1814,7.13,7.1994,7.13,55004.1980132
2017-10-31 06:00:00,7.1948,7.1843,7.195,7.141,45635.2092171
2017-10-31 03:00:00,7.212,7.1954,7.2958,7.194,20044.0652269
2017-10-31 00:00:00,7.243,7.235,7.25,7.171,37952.3123405
2017-10-30 21:00:00,7.2503,7.244,7.2679,7.164,29129.7353877
2017-10-30 18:00:00,7.1798,7.2651,7.269,7.12,67114.9987165
2017-10-30 15:00:00,7.205,7.1799,7.2298,7.1597,42338.9936659
2017-10-30 12:00:00,7.3227,7.2049,7.346,7.15,137398.622546
2017-10-30 09:00:00,7.308,7.3227,7.44,7.2875,62631.2915386
2017-10-30 06:00:00,7.305,7.3099,7.4,7.28,39172.9527134
2017-10-30 03:00:00,7.3387,7.305,7.4068,7.3,20336.691401
2017-10-30 00:00:00,7.29,7.3416,7.39,7.285,13466.1994255
2017-10-29 21:00:00,7.3111,7.3138,7.4247,7.28,36818.7888983
2017-10-29 18:00:00,7.402,7.2854,7.4977,7.2601,96316.0637825
2017-10-29 15:00:00,7.267,7.4044,7.5,7.2444,97361.5197111
2017-10-29 12:00:00,7.337,7.267,7.345,7.21,39116.3649969
2017-10-29 09:00:00,7.2614,7.345,7.345,7.18,31450.2252926
2017-10-29 06:00:00,7.222,7.2462,7.34,7.19,34421.8612555
2017-10-29 03:00:00,7.1892,7.2379,7.3999,7.18,33737.2900007
2017-10-29 00:00:00,7.1546,7.1896,7.2116,7.1153,61392.5318105
2017-10-28 21:00:00,7.2928,7.1628,7.3104,7.1546,74218.1396271
2017-10-28 18:00:00,7.296,7.2928,7.3345,7.2916,14933.5272729
2017-10-28 15:00:00,7.2478,7.3237,7.3359,7.2119,56577.929838
2017-10-28 12:00:00,7.3188,7.2469,7.3287,7.1959,147760.57693
2017-10-28 09:00:00,7.425,7.3188,7.4699,7.3,56406.3580861
2017-10-28 06:00:00,7.4351,7.425,7.4857,7.4,30466.8486806
2017-10-28 03:00:00,7.401,7.4351,7.4416,7.3859,62092.3947901
2017-10-28 00:00:00,7.47,7.401,7.5572,7.4005,105317.012189
2017-10-27 21:00:00,7.54,7.4808,7.5658,7.4291,93617.0292368
2017-10-27 18:00:00,7.75,7.54,7.875,7.5078,87301.9065667
2017-10-27 15:00:00,7.6142,7.75,7.7575,7.591,52839.7613582
2017-10-27 12:00:00,7.9616,7.62,8.08,7.6,138310.714827
2017-10-27 09:00:00,7.641,7.9604,8.1,7.6278,271153.362587
2017-10-27 06:00:00,7.484,7.64,7.641,7.4714,27072.6262438
2017-10-27 03:00:00,7.442,7.477,7.6015,7.3866,39724.0176709
2017-10-27 00:00:00,7.6201,7.415,7.7399,7.3866,162615.912066
2017-10-26 21:00:00,7.563,7.611,7.809,7.4767,81474.5464572
2017-10-26 18:00:00,7.6068,7.5336,7.69,7.3935,112385.512998
2017-10-26 15:00:00,7.575,7.6356,7.6541,7.4551,111048.806046
2017-10-26 12:00:00,7.7076,7.6025,7.75,7.545,71725.5857231
2017-10-26 09:00:00,7.7,7.7078,7.81,7.68,37887.2023691
2017-10-26 06:00:00,7.709,7.7,7.816,7.675,54558.4617891
2017-10-26 03:00:00,7.71,7.6888,7.7711,7.68,25047.22727
2017-10-26 00:00:00,7.6471,7.7246,7.775,7.6,81169.1322062
2017-10-25 21:00:00,7.768,7.648,7.7999,7.61,41014.3323171
2017-10-25 18:00:00,7.768,7.7678,7.9163,7.74,47025.6039779
2017-10-25 15:00:00,7.7554,7.769,7.8132,7.648,44627.9816314
2017-10-25 12:00:00,7.672,7.7683,7.85,7.6325,53783.7983971
2017-10-25 09:00:00,7.7001,7.6622,7.8035,7.5206,82790.5279927
2017-10-25 06:00:00,7.791,7.701,7.8337,7.61,75267.0921831
2017-10-25 03:00:00,7.5586,7.81,7.9236,7.551,107340.158212
2017-10-25 00:00:00,8.124,7.5616,8.131,7.526,137434.108976
2017-10-24 21:00:00,8.17,8.1086,8.1705,7.9,64212.9972493
2017-10-24 18:00:00,8.36,8.1699,8.424,7.8,160503.783378
2017-10-24 15:00:00,8.666,8.3635,8.7099,8.14,211126.465838
2017-10-24 12:00:00,8.4997,8.666,8.698,8.32,165096.816296
2017-10-24 09:00:00,8.5189,8.4809,8.6199,8.251,205863.005596
2017-10-24 06:00:00,8.3191,8.5118,8.539,8.2115,141866.782401
2017-10-24 03:00:00,8.2951,8.3193,8.4738,8.0554,317468.498246
2017-10-24 00:00:00,7.65,8.2713,8.4341,7.3857,655198.91144
2017-10-23 21:00:00,7.504,7.65,7.6778,7.483,78965.4571195
2017-10-23 18:00:00,7.3521,7.501,7.6,7.2493,65266.0649242
2017-10-23 15:00:00,7.1256,7.3637,7.393,7.1132,49294.3083589
2017-10-23 12:00:00,7.2701,7.1255,7.2806,7.03,91549.9761378
2017-10-23 09:00:00,7.301,7.251,7.3558,7.2,47903.2709557
2017-10-23 06:00:00,7.3288,7.3213,7.406,7.2851,21497.9182167
2017-10-23 03:00:00,7.47,7.3021,7.4778,7.2851,55763.0808208
2017-10-23 00:00:00,7.6399,7.47,7.7,7.4545,43262.7145116
2017-10-22 21:00:00,7.5759,7.64,7.72,7.5759,22297.2287266
2017-10-22 18:00:00,7.61,7.5765,7.67,7.51,37092.371196
2017-10-22 15:00:00,7.6993,7.61,7.7435,7.5251,44036.4300313
2017-10-22 12:00:00,7.443,7.7074,7.798,7.35,99625.7712364
2017-10-22 09:00:00,7.5464,7.4252,7.6999,7.4252,51672.9663185
2017-10-22 06:00:00,7.5092,7.5468,7.655,7.3101,85126.9608306
2017-10-22 03:00:00,7.4489,7.4849,7.75,7.354,81718.7814675
2017-10-22 00:00:00,7.3686,7.435,7.6494,7.3234,120908.209349
2017-10-21 21:00:00,7.2898,7.3676,7.38,7.2153,50213.2247321
2017-10-21 18:00:00,7.207,7.2821,7.3142,7.1001,41166.0163784
2017-10-21 15:00:00,7.0772,7.2328,7.42,6.91,100178.664737
2017-10-21 12:00:00,7.276,7.066,7.3215,6.9427,87966.6950332
2017-10-21 09:00:00,7.129,7.3113,7.3262,7.1043,41016.1055917
2017-10-21 06:00:00,7.448,7.1425,7.45,7.1011,51890.7572844
2017-10-21 03:00:00,7.2862,7.445,7.4481,7.1,91266.354022
2017-10-21 00:00:00,7.3026,7.2851,7.44,7.26,34883.9841944
2017-10-20 21:00:00,7.439,7.2643,7.4736,7.26,56244.5178988
2017-10-20 18:00:00,7.5306,7.4345,7.63,7.288,102235.399418
2017-10-20 15:00:00,7.65,7.5306,7.82,7.44,193831.725741
2017-10-20 12:00:00,7.6871,7.6566,7.77,7.6365,62670.469548
2017-10-20 09:00:00,7.68,7.7,7.72,7.628,57919.0447267
2017-10-20 06:00:00,7.6903,7.68,7.7798,7.6496,62491.8476756
2017-10-20 03:00:00,7.74,7.6906,7.848,7.6858,47205.3883617
2017-10-20 00:00:00,7.842,7.7648,7.85,7.738,13446.0907988
2017-10-19 21:00:00,7.8395,7.821,7.8499,7.7303,26207.9918
2017-10-19 18:00:00,7.7221,7.84,7.8498,7.703,22166.5136887
2017-10-19 15:00:00,7.7765,7.7255,7.8498,7.67,48714.1529609
2017-10-19 12:00:00,7.9068,7.7765,7.9393,7.74,64493.3542462
2017-10-19 09:00:00,7.8781,7.9028,8.06,7.85,92094.3486032
2017-10-19 06:00:00,7.8213,7.9,7.9365,7.7971,22861.1321736
2017-10-19 03:00:00,7.8801,7.81,7.93,7.81,26861.9880101
2017-10-19 00:00:00,7.7998,7.88,7.9,7.76,47074.4148245
2017-10-18 21:00:00,7.8919,7.7958,7.9,7.75,40454.9650943
2017-10-18 18:00:00,7.8,7.892,7.9175,7.723,45329.582959
2017-10-18 15:00:00,7.6789,7.8,7.889,7.6513,83960.6116298
2017-10-18 12:00:00,8.04,7.6789,8.0949,7.5999,202276.981553
2017-10-18 09:00:00,7.7396,8.0399,8.0821,7.708,97636.4338039
2017-10-18 06:00:00,7.8401,7.7349,7.8401,7.62,114921.428367
2017-10-18 03:00:00,7.8325,7.817,7.9267,7.7,51819.7646954
2017-10-18 00:00:00,7.9351,7.8319,7.95,7.74,83374.6181781
2017-10-17 21:00:00,8.0225,7.9351,8.1,7.9001,51563.1414564
2017-10-17 18:00:00,8.1261,8.0155,8.204,7.9281,121226.440754
2017-10-17 15:00:00,7.9237,8.126,8.261,7.8851,332835.430352
2017-10-17 12:00:00,7.7519,7.9057,7.9978,7.685,142107.24796
2017-10-17 09:00:00,7.82,7.75,7.8229,7.63,67025.6116524
2017-10-17 06:00:00,7.7001,7.82,7.82,7.6237,71864.8662472
2017-10-17 03:00:00,7.7279,7.7,7.74,7.673,28289.624284
2017-10-17 00:00:00,7.8216,7.7387,7.9,7.7,79109.4314365
2017-10-16 21:00:00,7.768,7.8104,7.9096,7.7513,26243.2923416
2017-10-16 18:00:00,7.7711,7.776,7.87,7.7511,56823.4226633
2017-10-16 15:00:00,7.8005,7.7623,7.8484,7.6811,89070.8820118
2017-10-16 12:00:00,7.8961,7.8007,7.922,7.6,79548.1997387
2017-10-16 09:00:00,7.6367,7.8988,7.9,7.6,103358.958339
2017-10-16 06:00:00,7.872,7.6133,7.8875,7.6133,130150.80681
2017-10-16 03:00:00,7.895,7.872,7.9553,7.707,74404.9155418
2017-10-16 00:00:00,7.9725,7.895,8.109,7.895,62396.1362982
2017-10-15 21:00:00,8.1105,7.98,8.15,7.86,80140.640479
2017-10-15 18:00:00,7.7359,8.1108,8.265,7.7359,206503.976941
2017-10-15 15:00:00,7.6739,7.736,7.7999,7.64,67374.7430477
2017-10-15 12:00:00,7.78,7.672,7.8619,7.6123,87384.8728308
2017-10-15 09:00:00,7.8789,7.788,7.99,7.7521,61558.963279
2017-10-15 06:00:00,7.944,7.88,8.0089,7.7611,67371.6417539
2017-10-15 03:00:00,7.8423,7.8927,8.0544,7.76,60308.2992408
2017-10-15 00:00:00,8.0403,7.8413,8.0403,7.74,131570.833635
2017-10-14 21:00:00,8.0898,8.0403,8.1859,8.0,76945.8125201
2017-10-14 18:00:00,8.11,8.0898,8.16,8.045,57755.4709091
2017-10-14 15:00:00,8.1301,8.1028,8.2,8.0691,78630.911662
2017-10-14 12:00:00,8.172,8.123,8.2,8.0611,101116.068479
2017-10-14 09:00:00,8.3295,8.15,8.338,8.15,52841.6519328
2017-10-14 06:00:00,8.1716,8.3358,8.3415,8.121,31730.2615492
2017-10-14 03:00:00,8.2629,8.1717,8.3253,8.1399,47770.1060829
2017-10-14 00:00:00,8.2917,8.2756,8.3198,8.1068,40819.1530717
2017-10-13 21:00:00,8.2742,8.2917,8.42,8.1913,44362.9008668
2017-10-13 18:00:00,8.1912,8.2741,8.4,8.11,69230.6262873
2017-10-13 15:00:00,8.1572,8.191,8.27,8.07,103677.31607
2017-10-13 12:00:00,8.45,8.1563,8.578,8.109,113963.397521
2017-10-13 09:00:00,8.36,8.4708,8.5499,8.2716,63288.6917257
2017-10-13 06:00:00,8.5789,8.35,8.71,8.2599,141337.760565
2017-10-13 03:00:00,8.1464,8.5291,8.6198,8.1,124112.166977
2017-10-13 00:00:00,8.2027,8.1474,8.4,8.02,142533.284309
2017-10-12 21:00:00,8.3303,8.2303,8.577,8.1697,77657.5903982
2017-10-12 18:00:00,8.39,8.3004,8.5,8.1727,77592.743509
2017-10-12 15:00:00,8.63,8.39,8.65,8.2915,168312.377656
2017-10-12 12:00:00,8.54,8.63,8.65,8.4577,85597.0054835
2017-10-12 09:00:00,8.583,8.5135,8.719,8.3501,183019.951321
2017-10-12 06:00:00,8.6994,8.5333,8.909,8.161,529559.346702
2017-10-12 03:00:00,9.3746,8.6989,9.377,8.62,413740.349164
2017-10-12 00:00:00,9.2543,9.36,9.6,9.185,228915.883573
2017-10-11 21:00:00,9.0879,9.2544,9.315,8.928,115404.913866
2017-10-11 18:00:00,9.128,9.088,9.25,9.0,92195.2156559
2017-10-11 15:00:00,8.9738,9.128,9.195,8.9266,195102.145113
2017-10-11 12:00:00,8.99,8.9738,9.0796,8.823,130549.931977
2017-10-11 09:00:00,9.0216,9.0,9.04,8.7086,236328.146909
2017-10-11 06:00:00,9.0225,9.0216,9.3663,8.8777,406845.389788
2017-10-11 03:00:00,8.29,9.0225,9.2504,8.2623,684242.941036
2017-10-11 00:00:00,8.0865,8.29,8.3836,8.0861,102398.155328
2017-10-10 21:00:00,8.14,8.0865,8.4,8.001,277295.968238
2017-10-10 18:00:00,7.9,8.1399,8.149,7.75,124652.623736
2017-10-10 15:00:00,7.7699,7.8801,7.98,7.69,65212.8646514
2017-10-10 12:00:00,8.0384,7.6917,8.1345,7.654,164247.815915
2017-10-10 09:00:00,7.9502,8.039,8.0999,7.8377,78162.2632582
2017-10-10 06:00:00,7.7103,7.9501,8.098,7.6667,131864.200069
2017-10-10 03:00:00,7.5491,7.688,7.94,7.47,135119.163363
2017-10-10 00:00:00,7.4926,7.5491,7.5975,7.2753,75031.9046887
2017-10-09 21:00:00,7.1789,7.4845,7.7899,7.1789,152485.356412
2017-10-09 18:00:00,7.79,7.1744,7.8029,6.91,409944.039511
2017-10-09 15:00:00,7.8097,7.78,7.89,7.6676,135224.632633
2017-10-09 12:00:00,7.873,7.8095,8.15,7.7,155528.965008
2017-10-09 09:00:00,7.8401,7.88,8.059,7.6128,173496.166251
2017-10-09 06:00:00,7.661,7.8409,7.8409,7.4,126309.539873
2017-10-09 03:00:00,7.8136,7.6488,7.8387,7.34,220222.752831
2017-10-09 00:00:00,7.7463,7.8142,7.8591,7.53,103236.490141
2017-10-08 21:00:00,7.7199,7.7463,8.0197,7.6005,189485.852348
2017-10-08 18:00:00,8.07,7.7198,8.29,7.6948,302370.728845
2017-10-08 15:00:00,8.3297,8.07,8.376,8.01,200967.934663
2017-10-08 12:00:00,8.3954,8.3258,8.52,8.2957,96124.0085724
2017-10-08 09:00:00,8.3389,8.395,8.5969,8.3133,82975.2006872
2017-10-08 06:00:00,8.3031,8.3376,8.41,8.2231,60761.5151665
2017-10-08 03:00:00,8.3501,8.3031,8.4368,8.2696,49202.4737138
2017-10-08 00:00:00,8.5475,8.3692,8.65,8.3188,78652.4799086
2017-10-07 21:00:00,8.2212,8.5408,8.6645,8.1187,130013.935821
2017-10-07 18:00:00,8.2331,8.2214,8.463,8.1352,118186.404317
2017-10-07 15:00:00,8.3561,8.2511,8.4099,8.23,51286.1181684
2017-10-07 12:00:00,8.3266,8.3561,8.4091,8.2,69955.4902497
2017-10-07 09:00:00,8.5491,8.3299,8.5698,8.2,125094.21415
2017-10-07 06:00:00,8.5866,8.5458,8.6115,8.501,34232.5073794
2017-10-07 03:00:00,8.582,8.5852,8.6399,8.555,30275.7989801
2017-10-07 00:00:00,8.666,8.5779,8.7857,8.5779,53298.5255603
2017-10-06 21:00:00,8.56,8.666,8.75,8.55,28557.3644508
2017-10-06 18:00:00,8.6,8.56,8.7,8.535,38546.7238811
2017-10-06 15:00:00,8.691,8.592,8.7799,8.521,50709.3652325
2017-10-06 12:00:00,8.7888,8.691,8.8499,8.5894,80758.8440101
2017-10-06 09:00:00,8.811,8.7898,8.8715,8.681,69643.6677387
2017-10-06 06:00:00,8.7776,8.811,8.9106,8.7481,88784.8779117
2017-10-06 03:00:00,8.6415,8.7743,8.83,8.455,85703.662005
2017-10-06 00:00:00,8.8031,8.6408,8.8189,8.6408,27083.6045748
2017-10-05 21:00:00,8.7331,8.7988,8.8793,8.6701,36619.2506454
2017-10-05 18:00:00,8.6657,8.72,8.7819,8.631,77944.3877895
2017-10-05 15:00:00,8.8889,8.66,9.06,8.601,152517.500945
2017-10-05 12:00:00,8.47,8.8889,8.9711,8.4651,188657.882637
2017-10-05 09:00:00,8.1979,8.47,8.596,8.18,114890.397268
2017-10-05 06:00:00,8.3181,8.1843,8.3791,8.1707,80615.0941829
2017-10-05 03:00:00,8.6268,8.3182,8.6468,8.2113,176155.320182
2017-10-05 00:00:00,8.6521,8.6308,8.7319,8.575,44206.682933
2017-10-04 21:00:00,8.6099,8.6701,8.7,8.575,24303.6636852
2017-10-04 18:00:00,8.706,8.581,8.71,8.5,105769.463562
2017-10-04 15:00:00,8.6345,8.696,8.8365,8.6001,72323.4827362
2017-10-04 12:00:00,8.7863,8.6,8.8168,8.5645,198858.148236
2017-10-04 09:00:00,8.9356,8.7927,9.0,8.7181,129891.450364
2017-10-04 06:00:00,9.078,8.9114,9.1399,8.87,76929.944173
2017-10-04 03:00:00,9.1471,9.0996,9.1969,9.0599,46239.7077024
2017-10-04 00:00:00,9.2599,9.14,9.2739,8.9777,117545.516566
2017-10-03 21:00:00,9.18,9.269,9.289,9.06,100995.625331
2017-10-03 18:00:00,8.9088,9.1801,9.3469,8.804,180725.62024
2017-10-03 15:00:00,8.829,8.823,8.95,8.7721,84329.5542741
2017-10-03 12:00:00,8.9899,8.8319,9.01,8.67,127489.347198
2017-10-03 09:00:00,8.8731,8.9812,8.998,8.5,149707.198294
2017-10-03 06:00:00,8.6961,8.8776,9.055,8.5,293650.961949
2017-10-03 03:00:00,8.99,8.6939,9.1657,8.6,251852.993812
2017-10-03 00:00:00,9.1934,9.0,9.2472,8.9,174584.526989
2017-10-02 21:00:00,9.3001,9.2147,9.3799,9.125,80507.9077773
2017-10-02 18:00:00,9.121,9.2845,9.4279,9.0551,209977.750601
2017-10-02 15:00:00,9.43,9.12,9.578,9.11,230674.305927
2017-10-02 12:00:00,9.6101,9.4679,9.78,9.352,176729.109589
2017-10-02 09:00:00,9.666,9.6329,10.048,9.5,158287.113114
2017-10-02 06:00:00,9.3489,9.6659,9.7233,9.3301,168792.18601
2017-10-02 03:00:00,9.691,9.3489,9.7,9.261,195674.29215
2017-10-02 00:00:00,9.8637,9.689,9.8792,9.631,90730.0516803
2017-10-01 21:00:00,9.8167,9.8628,10.0,9.54,154186.066307
2017-10-01 18:00:00,9.834,9.8252,9.9,9.7171,36995.6090117
2017-10-01 15:00:00,9.7888,9.8357,9.898,9.71,60694.6456439
2017-10-01 12:00:00,9.8401,9.788,9.8519,9.605,132240.825232
2017-10-01 09:00:00,9.905,9.8411,9.9789,9.84,28635.3030676
2017-10-01 06:00:00,9.94,9.916,10.028,9.87,36108.0722906
2017-10-01 03:00:00,9.9021,9.94,10.007,9.72,102227.021095
2017-10-01 00:00:00,10.142,9.9122,10.201,9.6157,142826.096709
2017-09-30 21:00:00,10.1,10.142,10.2,10.017,48173.5791483
2017-09-30 18:00:00,10.143,10.1,10.269,10.065,94402.9268291
2017-09-30 15:00:00,10.111,10.14,10.278,10.05,217593.982599
2017-09-30 12:00:00,10.137,10.11,10.176,9.95,129903.335234
2017-09-30 09:00:00,10.254,10.137,10.3,10.07,93893.270509
2017-09-30 06:00:00,10.025,10.24,10.349,10.019,241802.538604
2017-09-30 03:00:00,10.042,10.025,10.085,9.913,86235.3126672
2017-09-30 00:00:00,9.78,10.017,10.123,9.68,154110.625363
2017-09-29 21:00:00,9.9353,9.807,9.9743,9.51,134693.311106
2017-09-29 18:00:00,9.8975,9.939,10.064,9.78,67211.2018307
2017-09-29 15:00:00,10.138,9.8786,10.22,9.748,181264.604579
2017-09-29 12:00:00,10.19,10.143,10.3,9.83,318000.48052
2017-09-29 09:00:00,9.8296,10.16,10.28,9.61,200853.716585
2017-09-29 06:00:00,9.422,9.83,9.95,9.35,273222.065395
2017-09-29 03:00:00,9.175,9.421,9.65,9.0587,670739.055858
2017-09-29 00:00:00,10.454,9.1993,10.666,8.9,661816.25427
2017-09-28 21:00:00,10.4,10.453,10.582,10.31,61356.4232866
2017-09-28 18:00:00,10.757,10.419,10.8,10.28,149914.562402
2017-09-28 15:00:00,10.36,10.778,10.88,10.113,279934.579887
2017-09-28 12:00:00,10.686,10.368,10.9,10.2,250349.897724
2017-09-28 09:00:00,10.95,10.687,11.132,10.4,350556.634995
2017-09-28 06:00:00,10.949,10.95,11.55,10.91,714567.00441
2017-09-28 03:00:00,10.121,10.938,10.98,10.03,397744.223379
2017-09-28 00:00:00,10.317,10.14,10.39,10.028,163122.092347
2017-09-27 21:00:00,10.359,10.319,10.599,10.27,222075.450131
2017-09-27 18:00:00,10.113,10.338,10.532,10.1,374141.795453
2017-09-27 15:00:00,10.073,10.094,10.2,10.0,139438.227421
2017-09-27 12:00:00,10.067,10.073,10.21,9.928,221438.106087
2017-09-27 09:00:00,9.9139,10.068,10.272,9.9138,303136.091678
2017-09-27 06:00:00,9.857,9.9138,10.014,9.8265,69415.8684563
2017-09-27 03:00:00,9.7801,9.857,10.018,9.7801,161599.170226
2017-09-27 00:00:00,9.72,9.784,9.95,9.72,69706.7302579
2017-09-26 21:00:00,9.91,9.719,9.9499,9.711,69232.4770776
2017-09-26 18:00:00,9.9399,9.9,9.9939,9.8801,31889.4758347
2017-09-26 15:00:00,9.99,9.93,10.079,9.7611,111595.04262
2017-09-26 12:00:00,10.269,9.9899,10.365,9.93,193009.88691
2017-09-26 09:00:00,9.964,10.26,10.287,9.871,209355.20313
2017-09-26 06:00:00,9.725,9.995,10.145,9.7,161303.008703
2017-09-26 03:00:00,9.9915,9.7101,9.997,9.616,242663.091705
2017-09-26 00:00:00,10.013,9.9916,10.14,9.9201,121672.642701
2017-09-25 21:00:00,10.052,10.013,10.316,9.8765,180712.336368
2017-09-25 18:00:00,10.001,10.052,10.232,9.94,185081.32432
2017-09-25 15:00:00,10.092,10.001,10.469,9.815,645212.379051
2017-09-25 12:00:00,9.3749,10.045,10.098,9.233,547931.274121
2017-09-25 09:00:00,9.0122,9.3749,9.7637,8.9313,491736.072164
2017-09-25 06:00:00,9.027,9.0167,9.21,8.951,236048.463654
2017-09-25 03:00:00,8.8999,9.027,9.3662,8.8695,282673.393403
2017-09-25 00:00:00,8.609,8.8999,9.1,8.56,203659.685751
2017-09-24 21:00:00,8.635,8.601,8.729,8.5701,73228.2704703
2017-09-24 18:00:00,8.56,8.644,8.72,8.4501,164863.181406
2017-09-24 15:00:00,8.6587,8.5724,8.7179,8.5286,68857.7136734
2017-09-24 12:00:00,8.5749,8.6442,8.8998,8.5061,143403.697752
2017-09-24 09:00:00,8.6651,8.5789,8.75,8.4837,92393.227871
2017-09-24 06:00:00,8.72,8.7,8.77,8.434,121630.440761
2017-09-24 03:00:00,9.129,8.718,9.1381,8.4489,178841.111318
2017-09-24 00:00:00,8.9647,9.1359,9.1499,8.889,94272.9807409
2017-09-23 21:00:00,9.1071,9.0078,9.1072,8.7501,201579.859815
2017-09-23 18:00:00,9.0076,9.1,9.2,8.97,87099.6224657
2017-09-23 15:00:00,9.05,9.0076,9.169,8.8,217880.744659
2017-09-23 12:00:00,9.323,9.043,9.365,9.02,281291.618298
2017-09-23 09:00:00,9.1067,9.33,9.35,8.9558,314004.125519
2017-09-23 06:00:00,8.7852,9.0978,9.18,8.7474,184523.960637
2017-09-23 03:00:00,8.6252,8.7873,8.8399,8.4201,121174.84869
2017-09-23 00:00:00,8.571,8.61,8.678,8.3105,158817.372672
2017-09-22 21:00:00,8.6431,8.6138,8.769,8.467,256730.424267
2017-09-22 18:00:00,8.2131,8.6441,8.6601,8.1955,305856.855105
2017-09-22 15:00:00,8.26,8.2121,8.3353,7.85,310685.093507
2017-09-22 12:00:00,7.9034,8.2769,8.4198,7.8568,366132.434524
2017-09-22 09:00:00,8.4551,7.8846,8.48,7.82,345661.709334
2017-09-22 06:00:00,8.462,8.455,8.7589,8.25,272993.558443
2017-09-22 03:00:00,8.1537,8.499,8.9423,8.0694,399260.059696
2017-09-22 00:00:00,8.0599,8.155,8.45,8.05,219976.849222
2017-09-21 21:00:00,8.0594,8.06,8.45,7.9501,291961.700968
2017-09-21 18:00:00,8.1964,8.0173,8.2826,7.61,624057.411827
2017-09-21 15:00:00,8.6407,8.2,8.6978,7.9904,827261.966021
2017-09-21 12:00:00,8.93,8.6409,9.0289,8.592,135636.840801
2017-09-21 09:00:00,9.0645,8.9051,9.144,8.8219,112383.351422
2017-09-21 06:00:00,9.2849,9.052,9.4152,8.9501,117333.149661
2017-09-21 03:00:00,9.104,9.2849,9.4,8.6639,255921.073881
2017-09-21 00:00:00,9.037,9.106,9.24,8.6,423197.710119
2017-09-20 21:00:00,9.34,9.036,9.44,9.031,167752.2072
2017-09-20 18:00:00,9.6454,9.3094,9.65,9.169,201536.114399
2017-09-20 15:00:00,9.756,9.6294,9.8334,9.4375,212928.210632
2017-09-20 12:00:00,9.6,9.765,9.94,9.5293,181687.869771
2017-09-20 09:00:00,9.71,9.598,9.7945,9.45,88098.5829026
2017-09-20 06:00:00,9.569,9.712,9.989,9.415,179786.493456
2017-09-20 03:00:00,9.8087,9.56,9.85,9.21,253206.280237
2017-09-20 00:00:00,9.886,9.8439,9.9799,9.648,113981.547917
2017-09-19 21:00:00,9.8687,9.948,10.037,9.6211,192823.159228
2017-09-19 18:00:00,10.35,9.8543,10.496,9.65,353298.66512
2017-09-19 15:00:00,10.232,10.35,10.552,10.16,144967.949034
2017-09-19 12:00:00,10.542,10.23,10.682,10.15,198768.940937
2017-09-19 09:00:00,10.317,10.541,10.59,10.123,131100.178395
2017-09-19 06:00:00,10.26,10.317,10.536,10.2,226020.21763
2017-09-19 03:00:00,10.569,10.267,10.599,10.01,244718.60257
2017-09-19 00:00:00,11.0,10.568,11.037,10.415,221605.762862
2017-09-18 21:00:00,10.767,11.0,11.188,10.71,122598.536216
2017-09-18 18:00:00,10.801,10.7,11.108,10.671,195647.98906
2017-09-18 15:00:00,10.91,10.8,11.199,10.55,334206.456418
2017-09-18 12:00:00,10.909,10.91,11.403,10.832,384679.669569
2017-09-18 09:00:00,10.879,10.909,11.037,10.611,295178.069478
2017-09-18 06:00:00,10.561,10.88,11.168,10.48,584191.60876
2017-09-18 03:00:00,10.299,10.567,10.692,10.177,235947.625309
2017-09-18 00:00:00,9.8299,10.299,10.394,9.8299,228461.966201
2017-09-17 21:00:00,10.047,9.823,10.186,9.7651,138024.702834
2017-09-17 18:00:00,10.264,10.075,10.345,9.95,238659.297677
2017-09-17 15:00:00,9.7401,10.264,10.3,9.721,383953.957347
2017-09-17 12:00:00,9.43,9.8289,9.981,9.367,295437.371291
2017-09-17 09:00:00,9.216,9.43,9.629,9.185,276576.335154
2017-09-17 06:00:00,9.32,9.216,9.4999,8.95,291806.893855
2017-09-17 03:00:00,9.749,9.32,9.7891,9.3199,182398.835222
2017-09-17 00:00:00,9.88,9.768,9.934,9.41,269338.524832
2017-09-16 21:00:00,10.004,9.894,10.2,9.8713,129579.781081
2017-09-16 18:00:00,9.877,10.016,10.24,9.81,304455.911541
2017-09-16 15:00:00,9.604,9.877,9.899,9.49,191463.495302
2017-09-16 12:00:00,10.01,9.632,10.037,9.3313,539825.171251
2017-09-16 09:00:00,10.591,10.01,10.618,9.21,992513.155965
2017-09-16 06:00:00,10.187,10.59,10.67,9.924,337923.67494
2017-09-16 03:00:00,10.321,10.132,10.538,10.07,303832.543779
2017-09-16 00:00:00,10.0,10.324,10.568,9.851,452294.166842
2017-09-15 21:00:00,10.047,9.995,10.49,9.825,613115.005421
2017-09-15 18:00:00,9.6565,10.049,10.381,9.4441,645790.799211
2017-09-15 15:00:00,9.883,9.71,10.548,9.1,1731635.35626
2017-09-15 12:00:00,6.7701,9.884,10.149,6.72,2669335.47718
2017-09-15 09:00:00,7.83,6.78,8.0,6.5,1189195.23864
2017-09-15 06:00:00,8.55,7.859,8.6306,7.46,1075612.33446
2017-09-15 03:00:00,8.806,8.55,8.9582,8.12,318084.71177
2017-09-15 00:00:00,8.101,8.76,9.2,8.055,553358.755015
2017-09-14 21:00:00,8.7827,8.1,8.785,7.9137,567286.401075
2017-09-14 18:00:00,7.7301,8.751,9.3,7.552,1087390.18771
2017-09-14 15:00:00,9.099,7.735,9.1251,7.7211,825917.498783
2017-09-14 12:00:00,9.35,9.099,9.8,8.1,1618937.967
2017-09-14 09:00:00,10.61,9.427,10.7,8.9,781317.233768
2017-09-14 06:00:00,10.393,10.61,10.879,10.303,226690.601618
2017-09-14 03:00:00,10.735,10.375,10.777,10.2,207637.449795
2017-09-14 00:00:00,10.528,10.711,11.142,10.501,209147.053393
2017-09-13 21:00:00,10.588,10.548,11.0,10.43,201949.265214
2017-09-13 18:00:00,10.596,10.575,10.75,10.332,223992.055144
2017-09-13 15:00:00,9.6954,10.58,10.999,9.649,535878.518936
2017-09-13 12:00:00,9.786,9.728,10.35,9.428,565012.667337
2017-09-13 09:00:00,10.38,9.792,10.79,9.5555,559215.68705
2017-09-13 06:00:00,10.489,10.38,10.947,10.308,326941.896091
2017-09-13 03:00:00,10.997,10.499,11.347,9.9,798699.088119
2017-09-13 00:00:00,11.644,10.99,11.68,10.95,181652.284568
2017-09-12 21:00:00,11.751,11.676,12.034,11.543,146891.825679
2017-09-12 18:00:00,11.851,11.752,11.968,10.916,771690.259398
2017-09-12 15:00:00,12.2,11.85,12.4,11.8,383250.666916
2017-09-12 12:00:00,12.719,12.2,12.843,12.1,372913.997785
2017-09-12 09:00:00,12.754,12.761,12.935,12.53,163706.289907
2017-09-12 06:00:00,12.97,12.779,13.11,12.5,366607.807867
2017-09-12 03:00:00,12.759,12.926,13.32,12.567,569796.702999
2017-09-12 00:00:00,11.38,12.759,13.7,11.276,681775.432296
2017-09-11 21:00:00,11.29,11.368,11.524,11.13,86330.3748274
2017-09-11 18:00:00,11.37,11.258,11.55,11.203,65459.6745987
2017-09-11 15:00:00,11.499,11.37,11.6,11.283,94325.2160918
2017-09-11 12:00:00,11.285,11.5,11.69,11.16,233364.914848
2017-09-11 09:00:00,11.259,11.297,11.498,11.2,63793.0842394
2017-09-11 06:00:00,11.308,11.26,11.644,11.101,180577.428166
2017-09-11 03:00:00,11.849,11.3,12.099,11.0,412668.261747
2017-09-11 00:00:00,11.4,11.848,12.0,11.34,232790.800466
2017-09-10 21:00:00,11.69,11.38,11.7,11.37,82294.1690761
2017-09-10 18:00:00,11.551,11.621,11.89,11.4,194693.919226
2017-09-10 15:00:00,11.304,11.543,11.68,11.007,225632.686281
2017-09-10 12:00:00,11.176,11.301,11.349,11.03,117223.244712
2017-09-10 09:00:00,11.16,11.221,11.3,10.72,350255.390423
2017-09-10 06:00:00,11.195,11.162,11.549,10.58,361949.125289
2017-09-10 03:00:00,11.791,11.196,11.916,11.032,298384.68219
2017-09-10 00:00:00,12.313,11.792,12.396,11.7,307267.547944
2017-09-09 21:00:00,11.8,12.305,12.4,11.686,243809.054605
2017-09-09 18:00:00,11.849,11.8,12.048,11.3,256769.968513
2017-09-09 15:00:00,11.853,11.85,12.02,11.592,165528.930022
2017-09-09 12:00:00,11.58,11.852,12.134,11.45,449816.646288
2017-09-09 09:00:00,11.345,11.59,11.6,11.24,88844.5525769
2017-09-09 06:00:00,11.54,11.341,11.899,11.3,356123.057718
2017-09-09 03:00:00,11.173,11.56,11.596,10.91,133879.792129
2017-09-09 00:00:00,11.402,11.15,11.452,10.811,206815.741683
2017-09-08 21:00:00,10.999,11.444,11.759,10.5,465101.916757
2017-09-08 18:00:00,11.44,11.0,11.699,10.5,471747.78478
2017-09-08 15:00:00,11.472,11.431,12.082,10.88,878245.661608
2017-09-08 12:00:00,12.976,11.49,13.14,10.36,1493629.56709
2017-09-08 09:00:00,13.38,12.958,13.38,12.9,179782.53809
2017-09-08 06:00:00,12.658,13.39,13.489,12.58,260170.05045
2017-09-08 03:00:00,12.654,12.668,12.952,12.542,94718.0985122
2017-09-08 00:00:00,12.854,12.65,12.99,12.6,124306.116178
2017-09-07 21:00:00,12.532,12.79,13.048,12.511,150841.534894
2017-09-07 18:00:00,12.621,12.532,13.173,12.21,312315.473033
2017-09-07 15:00:00,13.29,12.723,13.4,12.428,693260.083817
2017-09-07 12:00:00,11.811,13.271,13.686,11.77,1489889.01238
2017-09-07 09:00:00,11.228,11.811,11.85,10.711,545847.646809
2017-09-07 06:00:00,11.189,11.205,11.24,10.83,172350.783259
2017-09-07 03:00:00,11.0,11.199,11.364,10.89,146861.295769
2017-09-07 00:00:00,11.599,11.0,11.89,10.718,514125.251093
2017-09-06 21:00:00,11.29,11.599,11.7,11.25,201718.37158
2017-09-06 18:00:00,11.733,11.3,11.77,11.252,222742.749512
2017-09-06 15:00:00,11.066,11.719,11.902,11.0,487756.365568
2017-09-06 12:00:00,11.201,11.025,11.29,10.75,310309.989852
2017-09-06 09:00:00,10.961,11.247,11.29,10.5,341189.46183
2017-09-06 06:00:00,11.27,10.96,11.37,10.3,643120.442524
2017-09-06 03:00:00,11.233,11.27,11.52,10.732,361012.978748
2017-09-06 00:00:00,10.99,11.206,11.865,10.907,465601.187531
2017-09-05 21:00:00,10.9,10.99,11.441,10.32,538634.397975
2017-09-05 18:00:00,9.849,10.9,10.962,9.7201,882743.580573
2017-09-05 15:00:00,9.749,9.85,9.999,9.01,560613.918959
2017-09-05 12:00:00,9.6673,9.7499,9.8,9.3959,389015.450165
2017-09-05 09:00:00,8.9398,9.6678,9.6681,8.7222,334645.137263
2017-09-05 06:00:00,8.066,8.921,9.178,8.05,492512.325835
2017-09-05 03:00:00,8.3581,8.066,8.7598,8.0,502184.057935
2017-09-05 00:00:00,8.81,8.3581,8.9924,7.6105,558245.105881
2017-09-04 21:00:00,8.985,8.81,9.8923,8.6821,759173.641805
2017-09-04 18:00:00,8.1,9.076,9.2,8.09,739710.632311
2017-09-04 15:00:00,8.049,8.099,8.7298,7.758,616147.407893
2017-09-04 12:00:00,8.1358,8.0499,8.8,7.3898,925075.638885
2017-09-04 09:00:00,8.479,8.1358,9.2696,7.72,1115295.10982
2017-09-04 06:00:00,9.898,8.4,9.899,7.333,1768532.37455
2017-09-04 03:00:00,10.383,9.8927,10.383,9.8925,101932.836155
2017-09-04 00:00:00,10.741,10.385,10.741,10.124,151284.809959
2017-09-03 21:00:00,10.322,10.741,11.05,10.252,173695.037009
2017-09-03 18:00:00,10.368,10.317,10.5,10.145,108471.339407
2017-09-03 15:00:00,9.6871,10.366,10.475,9.66,223162.367873
2017-09-03 12:00:00,10.098,9.7638,10.38,9.5415,454988.804092
2017-09-03 09:00:00,10.599,10.114,10.68,9.969,363814.027458
2017-09-03 06:00:00,11.351,10.598,11.361,10.55,161887.871331
2017-09-03 03:00:00,10.759,11.35,11.4,10.719,213631.7848
2017-09-03 00:00:00,10.802,10.767,11.08,10.515,165775.825012
2017-09-02 21:00:00,9.929,10.849,10.85,9.88,156782.23796
2017-09-02 18:00:00,10.401,9.947,10.542,9.8506,129250.051677
2017-09-02 15:00:00,10.25,10.401,10.57,9.8,315518.035108
2017-09-02 12:00:00,10.799,10.285,11.056,9.823,354647.037956
2017-09-02 09:00:00,10.923,10.8,11.22,10.087,303207.103897
2017-09-02 06:00:00,10.38,10.913,11.43,10.311,307829.853861
2017-09-02 03:00:00,11.25,10.382,11.5,10.251,400481.958656
2017-09-02 00:00:00,12.014,11.25,12.118,10.8,457044.166466
2017-09-01 21:00:00,11.963,12.014,12.363,11.893,134219.707902
2017-09-01 18:00:00,12.227,11.97,12.243,11.67,198917.501842
2017-09-01 15:00:00,12.25,12.242,12.49,11.8,319074.657824
2017-09-01 12:00:00,12.574,12.25,12.686,12.242,233798.808469
2017-09-01 09:00:00,12.321,12.578,12.59,12.03,198404.085183
2017-09-01 06:00:00,12.19,12.325,12.44,11.8,265779.617164
2017-09-01 03:00:00,12.051,12.19,12.603,12.016,512244.832822
2017-09-01 00:00:00,11.824,12.09,12.11,11.648,163668.432705
2017-08-31 21:00:00,11.765,11.824,11.9,11.55,154462.240794
2017-08-31 18:00:00,11.936,11.786,12.2,11.657,336793.667882
2017-08-31 15:00:00,11.251,11.937,12.042,11.132,286323.894471
2017-08-31 12:00:00,10.85,11.26,11.506,10.8,261283.829552
2017-08-31 09:00:00,10.97,10.85,11.175,10.845,164473.501513
2017-08-31 06:00:00,11.357,10.967,11.586,10.75,297704.073833
2017-08-31 03:00:00,11.538,11.349,11.548,11.2,132726.760313
2017-08-31 00:00:00,11.236,11.514,11.589,10.914,301293.503151
2017-08-30 21:00:00,11.57,11.242,11.81,11.071,495503.084724
2017-08-30 18:00:00,10.89,11.57,11.59,10.75,447524.886287
2017-08-30 15:00:00,10.629,10.89,10.979,10.51,285561.660561
2017-08-30 12:00:00,10.761,10.628,11.11,10.3,471302.600153
2017-08-30 09:00:00,10.488,10.76,10.945,9.4501,1044242.35024
2017-08-30 06:00:00,10.883,10.487,11.249,10.3,399898.954217
2017-08-30 03:00:00,10.4,10.9,11.35,10.15,579700.076845
2017-08-30 00:00:00,9.4838,10.4,10.84,9.42,734193.308811
2017-08-29 21:00:00,9.482,9.4837,9.62,9.345,204777.73073
2017-08-29 18:00:00,9.6326,9.481,9.7612,9.3,336940.282948
2017-08-29 15:00:00,9.05,9.6327,9.684,9.031,465902.315345
2017-08-29 12:00:00,9.005,9.06,9.379,8.9,346243.287758
2017-08-29 09:00:00,9.0682,9.001,9.3868,8.8694,641017.876406
2017-08-29 06:00:00,8.725,9.0673,9.26,8.6501,350789.450049
2017-08-29 03:00:00,8.67,8.7037,8.7765,8.583,81416.7291461
2017-08-29 00:00:00,8.62,8.6699,8.75,8.437,94809.8404746
2017-08-28 21:00:00,8.58,8.62,8.72,8.4855,97242.6211688
2017-08-28 18:00:00,8.3948,8.58,8.6403,8.3752,104894.588921
2017-08-28 15:00:00,8.4241,8.3926,8.6,8.37,148395.653629
2017-08-28 12:00:00,8.38,8.4292,8.4501,8.24,181882.613179
2017-08-28 09:00:00,8.2052,8.37,8.3875,8.11,101992.54222
2017-08-28 06:00:00,8.2579,8.205,8.4,8.13,101512.788621
2017-08-28 03:00:00,8.725,8.258,8.741,8.081,247177.462053
2017-08-28 00:00:00,8.3379,8.725,8.97,8.3107,495685.770626
2017-08-27 21:00:00,8.2631,8.3379,8.3838,8.145,63654.9383147
2017-08-27 18:00:00,8.1455,8.2421,8.3,8.0961,97029.3324585
2017-08-27 15:00:00,8.1148,8.1457,8.1784,8.03,68995.2494934
2017-08-27 12:00:00,8.1699,8.1148,8.2799,8.08,89871.2799592
2017-08-27 09:00:00,8.1701,8.171,8.23,8.054,49921.7124474
2017-08-27 06:00:00,8.0101,8.1878,8.238,8.008,51717.896395
2017-08-27 03:00:00,8.1801,8.0101,8.1995,7.99,119971.409699
2017-08-27 00:00:00,8.2899,8.18,8.3499,8.18,60803.1950422
2017-08-26 21:00:00,8.24,8.28,8.3998,8.189,92922.067695
2017-08-26 18:00:00,8.2198,8.24,8.25,8.0801,48806.0924565
2017-08-26 15:00:00,8.0322,8.2158,8.3005,7.91,192632.632726
2017-08-26 12:00:00,7.996,8.0714,8.0714,7.7681,171407.865843
2017-08-26 09:00:00,8.0786,7.996,8.19,7.9291,67482.6105585
2017-08-26 06:00:00,8.0813,8.0788,8.1647,7.9954,57454.8392676
2017-08-26 03:00:00,8.0792,8.1095,8.1561,7.8427,139296.328429
2017-08-26 00:00:00,8.2399,8.0323,8.3,8.0,79134.4103773
2017-08-25 21:00:00,8.237,8.1837,8.335,8.1837,33920.1909985
2017-08-25 18:00:00,8.2299,8.237,8.3399,8.05,86442.258919
2017-08-25 15:00:00,8.1547,8.2704,8.32,8.1303,65391.8526064
2017-08-25 12:00:00,8.0984,8.1501,8.2187,7.93,110403.972999
2017-08-25 09:00:00,8.2,8.0995,8.3869,8.0512,127910.349584
2017-08-25 06:00:00,8.3296,8.2,8.3697,8.161,53759.0070693
2017-08-25 03:00:00,8.4697,8.3267,8.47,8.2487,86284.6504501
2017-08-25 00:00:00,8.38,8.4247,8.5,8.31,159569.516572
2017-08-24 21:00:00,8.24,8.38,8.45,8.2336,132401.563597
2017-08-24 18:00:00,8.1399,8.24,8.2592,8.0751,55468.9501164
2017-08-24 15:00:00,8.2699,8.14,8.284,8.1,82016.4389335
2017-08-24 12:00:00,8.28,8.2699,8.4,8.1544,105845.977144
2017-08-24 09:00:00,8.2993,8.27,8.39,8.1784,76367.6799405
2017-08-24 06:00:00,8.1819,8.2995,8.3544,8.0935,92750.955872
2017-08-24 03:00:00,8.0101,8.1221,8.24,8.01,87716.0253229
2017-08-24 00:00:00,8.2,8.0107,8.24,7.8888,114947.011474
2017-08-23 21:00:00,7.99,8.1939,8.28,7.8167,156158.877312
2017-08-23 18:00:00,8.48,7.99,8.6836,7.699,651877.625438
2017-08-23 15:00:00,8.3188,8.48,8.5,8.1847,296738.656239
2017-08-23 12:00:00,8.0976,8.3199,8.58,8.0632,582939.297426
2017-08-23 09:00:00,7.8921,8.0978,8.1743,7.82,192706.540628
2017-08-23 06:00:00,7.6643,7.8999,7.8999,7.607,66315.4333275
2017-08-23 03:00:00,7.83,7.6682,7.85,7.5499,110359.627869
2017-08-23 00:00:00,7.5979,7.839,7.98,7.49,139929.082246
2017-08-22 21:00:00,7.6206,7.5968,7.6478,7.42,81341.1643289
2017-08-22 18:00:00,7.5376,7.6206,7.694,7.4513,105453.648798
2017-08-22 15:00:00,7.5097,7.52,7.686,7.41,157105.331261
2017-08-22 12:00:00,7.6299,7.5,7.7258,7.301,197378.137576
2017-08-22 09:00:00,7.2389,7.5886,7.63,7.156,130774.605853
2017-08-22 06:00:00,7.229,7.2,7.45,7.0105,172461.903354
2017-08-22 03:00:00,7.4997,7.1878,7.5025,6.8,356973.717013
2017-08-22 00:00:00,7.6909,7.4759,7.7166,7.353,249749.288774
2017-08-21 21:00:00,7.89,7.645,8.35,7.6,254719.121313
2017-08-21 18:00:00,7.8101,7.915,7.94,7.6101,76826.5957552
2017-08-21 15:00:00,7.5926,7.8826,7.9585,7.5701,219159.955934
2017-08-21 12:00:00,7.5638,7.6393,7.6988,7.301,241812.858303
2017-08-21 09:00:00,7.685,7.5985,8.1671,7.4161,281242.718171
2017-08-21 06:00:00,7.8044,7.6842,8.05,7.265,386722.946563
2017-08-21 03:00:00,8.2,7.8046,8.574,7.8,235689.995633
2017-08-21 00:00:00,8.5,8.2,8.6,7.9714,205466.750246
2017-08-20 21:00:00,8.46,8.48,8.7965,8.36,170458.136124
2017-08-20 18:00:00,8.5931,8.4856,8.9,8.36,318863.199555
2017-08-20 15:00:00,8.187,8.5303,8.7589,8.17,520465.506573
2017-08-20 12:00:00,7.9048,8.188,8.3274,7.8428,356801.467227
2017-08-20 09:00:00,7.9495,7.885,7.9499,7.671,139190.427821
2017-08-20 06:00:00,7.36,7.9495,7.99,7.335,233150.810033
2017-08-20 03:00:00,7.37,7.36,7.5402,7.2491,49348.9265244
2017-08-20 00:00:00,7.7999,7.37,7.82,7.1408,189866.278169
2017-08-19 21:00:00,7.728,7.82,7.979,7.5124,192537.675551
2017-08-19 18:00:00,7.491,7.728,8.0,7.1233,312362.844067
2017-08-19 15:00:00,6.5986,7.4651,7.7,6.5003,316465.19218
2017-08-19 12:00:00,6.35,6.6197,7.123,6.233,395389.681408
2017-08-19 09:00:00,7.0142,6.3,7.1259,6.28,259009.133497
2017-08-19 06:00:00,7.1569,7.05,7.16,6.6607,325906.041128
2017-08-19 03:00:00,7.6846,7.1589,7.6846,7.1589,126643.256783
2017-08-19 00:00:00,7.272,7.6845,7.7982,6.92,332281.440071
2017-08-18 21:00:00,6.5856,7.25,7.7499,6.0841,938248.242707
2017-08-18 18:00:00,7.1582,6.56,7.3495,6.56,506815.028864
2017-08-18 15:00:00,7.4905,7.14,7.5685,7.0078,296330.943277
2017-08-18 12:00:00,8.0749,7.4997,8.09,7.2902,363831.005049
2017-08-18 09:00:00,7.6506,8.075,8.383,7.411,418746.950889
2017-08-18 06:00:00,7.8051,7.6802,7.99,7.01,943879.849632
2017-08-18 03:00:00,8.203,7.8299,8.24,7.67,203623.786204
2017-08-18 00:00:00,8.3544,8.2029,8.45,7.6605,418017.606233
2017-08-17 21:00:00,8.7124,8.3164,8.91,8.3164,243240.866515
2017-08-17 18:00:00,8.601,8.7124,8.731,8.3022,254143.755313
2017-08-17 15:00:00,8.5143,8.6,8.8419,8.3798,486822.884978
2017-08-17 12:00:00,8.6134,8.5115,8.95,8.213,615813.97171
2017-08-17 09:00:00,9.0792,8.6134,9.25,8.57,418280.079247
2017-08-17 06:00:00,9.29,9.075,9.43,8.9473,296266.162412
2017-08-17 03:00:00,9.032,9.29,9.549,8.9301,549028.09748
2017-08-17 00:00:00,8.9053,9.032,9.1948,8.4042,508782.971895
2017-08-16 21:00:00,9.0511,8.85,9.25,8.659,843320.344047
2017-08-16 18:00:00,8.4731,9.035,9.1124,8.2636,927102.073197
2017-08-16 15:00:00,8.2397,8.4731,8.54,7.92,541611.89843
2017-08-16 12:00:00,8.098,8.2391,8.6714,8.098,744628.859483
2017-08-16 09:00:00,7.92,8.08,8.4,7.85,533071.558773
2017-08-16 06:00:00,7.7097,7.92,8.7885,7.5,1236346.63778
2017-08-16 03:00:00,7.0593,7.7098,7.72,7.0,833367.019862
2017-08-16 00:00:00,6.73,7.0154,7.0841,6.67,187253.906971
2017-08-15 21:00:00,6.76,6.7237,6.856,6.6501,150634.840297
2017-08-15 18:00:00,6.6799,6.7307,6.92,6.5706,252169.742055
2017-08-15 15:00:00,6.3498,6.6799,6.765,6.2506,271451.490209
2017-08-15 12:00:00,6.365,6.3498,6.53,6.0814,384541.080564
2017-08-15 09:00:00,6.7272,6.3303,6.8727,6.2125,390425.763723
2017-08-15 06:00:00,6.3801,6.67,6.7497,6.38,160729.13338
2017-08-15 03:00:00,6.63,6.4438,6.8235,6.2,395467.441745
2017-08-15 00:00:00,7.03,6.63,7.13,6.5939,324005.683044
2017-08-14 21:00:00,6.8,7.03,7.47,6.7677,785612.893212
2017-08-14 18:00:00,6.615,6.7508,6.98,6.4365,294093.32513
2017-08-14 15:00:00,6.615,6.61,6.8067,6.319,278388.36822
2017-08-14 12:00:00,6.8191,6.615,6.8191,6.3,488674.96729
2017-08-14 09:00:00,6.7311,6.8199,6.96,6.33,404428.449203
2017-08-14 06:00:00,6.9288,6.731,7.079,6.7,191289.239336
2017-08-14 03:00:00,6.959,6.9289,7.0187,6.65,272179.230226
2017-08-14 00:00:00,6.9,6.97,7.27,6.8701,210571.920442
2017-08-13 21:00:00,7.0799,6.8804,7.4036,6.755,428466.455055
2017-08-13 18:00:00,6.622,7.0799,7.499,6.6201,957460.854312
2017-08-13 15:00:00,6.2911,6.62,6.85,6.05,487095.477591
2017-08-13 12:00:00,6.3201,6.2911,6.76,6.11,750916.261722
2017-08-13 09:00:00,6.1,6.3498,6.4,5.9,433469.618277
2017-08-13 06:00:00,5.5514,6.0602,6.2,5.5201,336415.595345
2017-08-13 03:00:00,5.945,5.569,6.0349,5.5,308840.259261
2017-08-13 00:00:00,6.2,5.945,6.2017,5.24,772718.083096
2017-08-12 21:00:00,6.4701,6.2011,6.4876,6.05,223765.425533
2017-08-12 18:00:00,6.5101,6.4995,6.5799,5.776,648773.628203
2017-08-12 15:00:00,6.4593,6.51,6.7877,6.375,475689.363514
2017-08-12 12:00:00,6.7005,6.4491,6.7678,6.22,428620.221414
2017-08-12 09:00:00,6.7116,6.7001,7.15,6.551,385409.065202
2017-08-12 06:00:00,7.0785,6.7116,7.1021,6.11,778094.418316
2017-08-12 03:00:00,7.4278,7.0785,7.49,7.03,219006.520379
2017-08-12 00:00:00,7.245,7.4279,7.626,7.01,400355.722081
2017-08-11 21:00:00,7.2977,7.245,7.35,6.7,565832.871889
2017-08-11 18:00:00,6.9684,7.2999,7.47,6.883,578769.006788
2017-08-11 15:00:00,6.9196,6.92,7.1679,6.5022,1290676.12319
2017-08-11 12:00:00,5.997,6.9196,7.75,5.997,2049860.09592
2017-08-11 09:00:00,5.999,6.01,6.029,5.691,464801.443441
2017-08-11 06:00:00,5.83,5.999,6.075,5.6886,528888.791742
2017-08-11 03:00:00,6.1314,5.8058,6.14,5.5,650317.640186
2017-08-11 00:00:00,5.9266,6.1313,6.1965,5.27,884183.875617
2017-08-10 21:00:00,5.95,5.928,6.4701,5.85,993640.938135
2017-08-10 18:00:00,6.1995,5.95,6.6,5.5655,2509879.77952
2017-08-10 15:00:00,5.4593,6.1995,6.21,5.1112,1659741.05789
2017-08-10 12:00:00,4.801,5.4596,5.62,4.43,1815710.39868
2017-08-10 09:00:00,4.356,4.8009,5.27,4.3507,1719483.82651
2017-08-10 06:00:00,3.97,4.356,4.499,3.9505,1398720.49655
2017-08-10 03:00:00,3.5004,3.9698,3.98,3.4551,1046670.93455
2017-08-10 00:00:00,3.43,3.4866,3.51,3.35,129531.688153
2017-08-09 21:00:00,3.4499,3.429,3.51,3.355,92470.868388
2017-08-09 18:00:00,3.4268,3.45,3.5957,3.4,192146.06355
2017-08-09 15:00:00,3.2794,3.4369,3.4971,3.2465,227958.755506
2017-08-09 12:00:00,3.361,3.2794,3.42,3.21,144716.055663
2017-08-09 09:00:00,3.488,3.361,3.515,3.22,341175.466722
2017-08-09 06:00:00,3.4217,3.4881,3.6,3.4216,142563.377038
2017-08-09 03:00:00,3.6098,3.4226,3.613,3.4,272473.614193
2017-08-09 00:00:00,3.6607,3.6099,3.708,3.55,223484.112688
2017-08-08 21:00:00,3.6869,3.67,3.8277,3.5088,559444.643429
2017-08-08 18:00:00,3.4999,3.6869,3.8,3.438,626728.972644
2017-08-08 15:00:00,3.354,3.4999,3.5029,3.3501,250802.253346
2017-08-08 12:00:00,3.5699,3.354,3.5993,3.2953,477292.061357
2017-08-08 09:00:00,3.1099,3.567,3.5671,3.0602,579072.859459
2017-08-08 06:00:00,3.1795,3.1051,3.2631,3.1026,183742.23916
2017-08-08 03:00:00,3.2278,3.1849,3.2289,3.0351,166688.274219
2017-08-08 00:00:00,3.052,3.22,3.2289,3.052,209067.94911
2017-08-07 21:00:00,2.9553,3.0514,3.22,2.952,398324.904134
2017-08-07 18:00:00,2.92,2.9552,3.0336,2.751,411006.118075
2017-08-07 15:00:00,2.9996,2.92,3.049,2.875,144884.774768
2017-08-07 12:00:00,3.1145,2.9823,3.115,2.8352,355835.721789
2017-08-07 09:00:00,3.042,3.1149,3.1801,2.96,259670.316113
2017-08-07 06:00:00,2.8975,3.042,3.26,2.841,370937.745347
2017-08-07 03:00:00,2.9925,2.8948,3.03,2.7806,165071.913354
2017-08-07 00:00:00,2.73,3.0,3.1,2.6011,443796.392991
2017-08-06 21:00:00,3.0105,2.73,3.0173,2.51,616034.747561
2017-08-06 18:00:00,3.045,3.01,3.1601,2.95,155828.497202
2017-08-06 15:00:00,3.159,3.0469,3.178,2.9641,181311.477269
2017-08-06 12:00:00,2.9717,3.1593,3.2201,2.8,241657.567449
2017-08-06 09:00:00,3.086,2.961,3.1689,2.93,207091.070029
2017-08-06 06:00:00,3.16,3.0618,3.3274,2.9634,331987.449448
2017-08-06 03:00:00,3.3499,3.16,3.39,3.0003,207234.713858
2017-08-06 00:00:00,3.626,3.35,3.6458,3.0329,420509.775299
2017-08-05 21:00:00,3.4039,3.6,3.66,3.315,660037.881113
2017-08-05 18:00:00,2.9311,3.4249,3.4939,2.9215,958856.398161
2017-08-05 15:00:00,2.8874,2.94,2.99,2.8869,177351.193976
2017-08-05 12:00:00,2.6998,2.899,2.9,2.651,189787.788114
2017-08-05 09:00:00,2.7401,2.6999,3.04,2.6401,488120.49135
2017-08-05 06:00:00,3.3189,2.7399,3.5813,2.1452,1191429.95223
2017-08-05 03:00:00,3.3201,3.3422,3.899,3.2357,1122772.63961
2017-08-05 00:00:00,2.8099,3.32,3.7,2.8099,1335738.49319
2017-08-04 21:00:00,2.5419,2.8099,2.819,2.5419,239107.007282
2017-08-04 18:00:00,2.4703,2.5419,2.5849,2.43,185293.145173
2017-08-04 15:00:00,2.5819,2.4942,2.82,2.371,337708.486775
2017-08-04 12:00:00,2.5947,2.5966,3.12,2.456,771304.494358
2017-08-04 09:00:00,2.6001,2.5726,2.79,2.3,584545.117765
2017-08-04 06:00:00,2.2005,2.6001,2.8499,2.14,420425.607344
2017-08-04 03:00:00,2.118,2.215,2.4,2.077,259747.229938
2017-08-04 00:00:00,1.9308,2.119,2.2,1.9058,225561.45105
2017-08-03 21:00:00,1.95,1.9497,2.0001,1.85,131622.888127
2017-08-03 18:00:00,1.8991,1.95,2.03,1.85,144565.792676
2017-08-03 15:00:00,1.9002,1.8995,2.12,1.859,295406.645985
2017-08-03 12:00:00,1.6699,1.9,2.04,1.6665,562247.999497
2017-08-03 09:00:00,1.6192,1.6637,1.69,1.59,109888.299596
2017-08-03 06:00:00,1.56,1.6247,1.66,1.56,136213.645624
2017-08-03 03:00:00,1.4213,1.56,1.8297,1.4005,358927.093027
2017-08-03 00:00:00,1.3704,1.4298,1.431,1.34,45994.4396961
2017-08-02 21:00:00,1.3171,1.3898,1.39,1.2757,82543.5640983
2017-08-02 18:00:00,1.334,1.3028,1.336,1.3,16309.1492183
2017-08-02 15:00:00,1.3078,1.334,1.34,1.2775,35785.1961142
2017-08-02 12:00:00,1.3511,1.3056,1.3648,1.2705,105430.232238
2017-08-02 09:00:00,1.3314,1.3501,1.374,1.3181,67076.1899
2017-08-02 06:00:00,1.359,1.3444,1.361,1.3268,22623.022437
2017-08-02 03:00:00,1.3322,1.359,1.36,1.305,29950.4348403
2017-08-02 00:00:00,1.3419,1.3056,1.3473,1.28,136064.670823
2017-08-01 21:00:00,1.3505,1.3292,1.36,1.2917,58784.3981201
2017-08-01 18:00:00,1.3159,1.3503,1.38,1.2822,96430.938468
2017-08-01 15:00:00,1.2997,1.3058,1.3169,1.27,54706.8588954
2017-08-01 12:00:00,1.206,1.281,1.3701,1.155,306657.55951
2017-08-01 09:00:00,1.2287,1.2,1.245,1.1703,43817.3841653
2017-08-01 06:00:00,1.2874,1.22,1.32,1.22,28059.0514016
2017-08-01 03:00:00,1.2618,1.3205,1.329,1.2592,30449.3031842
2017-08-01 00:00:00,1.2179,1.2701,1.288,1.2179,65603.166925
2017-07-31 21:00:00,1.1999,1.2179,1.2295,1.17,27780.7107838
2017-07-31 18:00:00,1.2389,1.1999,1.25,1.178,74388.6181873
2017-07-31 15:00:00,1.165,1.2305,1.2501,1.1649,30377.082479
2017-07-31 12:00:00,1.1894,1.1828,1.195,1.1283,79760.5140167
2017-07-31 09:00:00,1.22,1.1894,1.22,1.18,31644.9762311
2017-07-31 06:00:00,1.197,1.22,1.22,1.1912,29514.8083147
2017-07-31 03:00:00,1.211,1.197,1.216,1.186,14315.4870356
2017-07-31 00:00:00,1.2027,1.2095,1.245,1.1903,13702.9028797
2017-07-30 21:00:00,1.2347,1.1901,1.245,1.188,23245.3485264
2017-07-30 18:00:00,1.2214,1.2349,1.24,1.191,21582.6107524
2017-07-30 15:00:00,1.2283,1.2098,1.2433,1.1901,21505.5856112
2017-07-30 12:00:00,1.2249,1.2283,1.234,1.2114,9853.76489283
2017-07-30 09:00:00,1.2344,1.2199,1.2484,1.205,9103.86701059
2017-07-30 06:00:00,1.2226,1.235,1.2499,1.17,31991.7142712
2017-07-30 03:00:00,1.2402,1.1908,1.2654,1.1824,20859.660483
2017-07-30 00:00:00,1.2829,1.2401,1.33,1.22,56335.28776
2017-07-29 21:00:00,1.2592,1.2832,1.293,1.2124,41197.7068336
2017-07-29 18:00:00,1.1601,1.2562,1.2718,1.1508,105021.724309
2017-07-29 15:00:00,1.1481,1.16,1.17,1.1473,20975.380347
2017-07-29 12:00:00,1.149,1.1421,1.17,1.1052,51244.1881095
2017-07-29 09:00:00,1.1571,1.148,1.1571,1.121,14417.870137
2017-07-29 06:00:00,1.1534,1.1415,1.1997,1.14,10706.0963576
2017-07-29 03:00:00,1.126,1.2,1.2,1.121,56986.1319113
2017-07-29 00:00:00,1.165,1.101,1.1998,1.101,44625.8644932
2017-07-28 21:00:00,1.1838,1.1603,1.1951,1.148,32697.3916587
2017-07-28 18:00:00,1.2331,1.1849,1.2364,1.1046,217400.910651
2017-07-28 15:00:00,1.2401,1.2271,1.2619,1.21,58126.5007747
2017-07-28 12:00:00,1.2003,1.2156,1.2548,1.155,121495.192928
2017-07-28 09:00:00,1.2805,1.2003,1.2805,1.2003,86689.3992548
2017-07-28 06:00:00,1.3114,1.2803,1.3355,1.25,71614.70671
2017-07-28 03:00:00,1.3186,1.3114,1.33,1.301,32524.9362895
2017-07-28 00:00:00,1.382,1.3147,1.4068,1.31,82140.8072283
2017-07-27 21:00:00,1.3415,1.3601,1.4299,1.321,113684.069313
2017-07-27 18:00:00,1.3138,1.3405,1.3498,1.301,46432.7244444
2017-07-27 15:00:00,1.3,1.3138,1.3318,1.2595,103204.290669
2017-07-27 12:00:00,1.3525,1.2999,1.37,1.2979,165187.582926
2017-07-27 09:00:00,1.3536,1.3616,1.39,1.293,109186.450043
2017-07-27 06:00:00,1.3681,1.3536,1.39,1.2387,193484.297123
2017-07-27 03:00:00,1.2074,1.365,1.3768,1.2,144872.451302
2017-07-27 00:00:00,1.1989,1.2076,1.2372,1.189,71879.0127245
2017-07-26 21:00:00,1.1904,1.1893,1.22,1.1624,94900.7582832
2017-07-26 18:00:00,1.1592,1.1903,1.199,1.155,37892.1907665
2017-07-26 15:00:00,1.1732,1.1592,1.1837,1.0991,94235.1938981
2017-07-26 12:00:00,1.1998,1.173,1.2382,1.1305,134781.396112
2017-07-26 09:00:00,1.145,1.2185,1.2499,1.111,138488.938154
2017-07-26 06:00:00,1.1773,1.146,1.1844,1.0243,351564.261526
2017-07-26 03:00:00,1.2323,1.1772,1.2503,1.1646,36050.356464
2017-07-26 00:00:00,1.2298,1.2323,1.3,1.18,107486.64186
2017-07-25 21:00:00,1.138,1.219,1.247,1.138,154575.818775
2017-07-25 18:00:00,1.25,1.14,1.25,1.04,243350.941119
2017-07-25 15:00:00,1.2662,1.25,1.33,1.23,150425.537486
2017-07-25 12:00:00,1.1802,1.2662,1.35,1.1521,230434.208055
2017-07-25 09:00:00,1.3331,1.18,1.3699,1.18,261146.560728
2017-07-25 06:00:00,1.4746,1.3698,1.4917,1.3,294357.871399
2017-07-25 03:00:00,1.4595,1.4746,1.483,1.416,53772.9859746
2017-07-25 00:00:00,1.5389,1.4661,1.55,1.41,106930.126296
2017-07-24 21:00:00,1.5199,1.52,1.639,1.48,355555.776349
2017-07-24 18:00:00,1.492,1.4869,1.5281,1.4511,133017.279946
2017-07-24 15:00:00,1.3548,1.4911,1.5293,1.3192,289385.067039
2017-07-24 12:00:00,1.4111,1.37,1.46,1.35,258191.113653
2017-07-24 09:00:00,1.3439,1.4111,1.54,1.332,182881.723792
2017-07-24 06:00:00,1.422,1.3439,1.422,1.26,219267.755237
2017-07-24 03:00:00,1.59,1.42,1.63,1.4,259658.835072
2017-07-24 00:00:00,1.5,1.59,1.599,1.3505,351324.96382
2017-07-23 21:00:00,1.22,1.4805,1.6189,1.22,712784.340491
2017-07-23 18:00:00,1.17,1.22,1.499,1.102,518798.783635
2017-07-23 15:00:00,1.014,1.17,1.1891,1.0001,384644.578692
2017-07-23 12:00:00,0.86,1.025,1.0299,0.84004,174815.961184
2017-07-23 09:00:00,0.89101,0.85112,0.92,0.84151,250076.034371
2017-07-23 06:00:00,0.9006,0.891,0.9388,0.878,209988.626642
2017-07-23 03:00:00,0.9666,0.9006,0.975,0.8602,381454.048002
2017-07-23 00:00:00,0.87511,0.9666,0.9899,0.87,323679.215008
2017-07-22 21:00:00,0.815,0.87,0.9,0.7827,135631.220671
2017-07-22 18:00:00,0.825,0.815,0.82539,0.7701,177055.356807
2017-07-22 15:00:00,0.807,0.825,0.836,0.77206,158359.802905
2017-07-22 12:00:00,0.8102,0.807,0.8282,0.76971,152913.317235
2017-07-22 09:00:00,0.82839,0.81029,0.85,0.79431,110742.65325
2017-07-22 06:00:00,0.84071,0.83669,0.849,0.7802,131735.132169
2017-07-22 03:00:00,0.80747,0.8427,0.85,0.7904,150406.430409
2017-07-22 00:00:00,0.7401,0.81408,0.82,0.7349,81055.6541071
2017-07-21 21:00:00,0.7386,0.746,0.7683,0.7251,57366.0337262
2017-07-21 18:00:00,0.7475,0.73491,0.7851,0.72661,54520.415673
2017-07-21 15:00:00,0.73864,0.75,0.75,0.72685,55389.5081368
2017-07-21 12:00:00,0.71,0.73498,0.748,0.708,68787.0970831
2017-07-21 09:00:00,0.71693,0.7097,0.72989,0.69418,11216.6564721
2017-07-21 06:00:00,0.73,0.71693,0.75,0.71679,79549.410379
2017-07-21 03:00:00,0.68,0.7299,0.73,0.67859,60960.2184407
2017-07-21 00:00:00,0.67995,0.679,0.68999,0.63001,52432.6838323
2017-07-20 21:00:00,0.70899,0.6521,0.71279,0.62987,80660.393482
2017-07-20 18:00:00,0.64221,0.707,0.71,0.64221,76125.3624012
2017-07-20 15:00:00,0.69,0.641,0.71,0.62051,152085.632418
2017-07-20 12:00:00,0.69938,0.69,0.73659,0.67292,275323.884275
2017-07-20 09:00:00,0.64,0.6801,0.69969,0.6325,66797.3093582
2017-07-20 06:00:00,0.60666,0.64,0.64999,0.60666,48906.0991315
2017-07-20 03:00:00,0.64822,0.60666,0.6666,0.5901,110280.141694
2017-07-20 00:00:00,0.61,0.66579,0.6748,0.60949,50097.9982491
2017-07-19 21:00:00,0.60009,0.561,0.62109,0.5599,139865.948513
2017-07-19 18:00:00,0.64966,0.61495,0.66991,0.56743,110470.610868
2017-07-19 15:00:00,0.66288,0.657,0.67559,0.6235,110626.469685
2017-07-19 12:00:00,0.705,0.66091,0.70609,0.63,118122.968688
2017-07-19 09:00:00,0.71501,0.70625,0.7499,0.691,53844.5030677
2017-07-19 06:00:00,0.73085,0.71551,0.762,0.715,64011.7355404
2017-07-19 03:00:00,0.76001,0.74623,0.7788,0.6722,218492.252941
2017-07-19 00:00:00,0.7725,0.764,0.8121,0.749,125988.040146
2017-07-18 21:00:00,0.7674,0.7506,0.7996,0.7034,194272.740608
2017-07-18 18:00:00,0.80851,0.7674,0.8497,0.7674,288855.239101
2017-07-18 15:00:00,0.893,0.80851,0.893,0.73001,372551.494072
2017-07-18 12:00:00,0.68933,0.893,0.8997,0.68933,335698.671806
2017-07-18 09:00:00,0.73,0.7012,0.7488,0.6651,312241.733578
2017-07-18 06:00:00,0.69529,0.7056,0.84,0.64071,274248.430092
2017-07-18 03:00:00,0.5957,0.6958,0.6958,0.59,104301.102094
2017-07-18 00:00:00,0.5819,0.5957,0.59579,0.5463,76188.394912
2017-07-17 21:00:00,0.578,0.5819,0.594,0.558,149340.732879
2017-07-17 18:00:00,0.53572,0.578,0.578,0.53572,68538.1918639
2017-07-17 15:00:00,0.52585,0.53531,0.5788,0.5127,181437.263457
