MTS,OPEN,CLOSE,HIGH,LOW,VOLUME
2017-11-19 13:00:00,0.0010297,0.0010344,0.0010394,0.001029,4293.02042316
2017-11-19 12:00:00,0.0010307,0.001033,0.00104,0.0010253,5041.41875598
2017-11-19 11:00:00,0.0010381,0.0010309,0.001041,0.0010187,9126.20180555
2017-11-19 10:00:00,0.0010372,0.001038,0.0010494,0.0010371,7245.4147067
2017-11-19 09:00:00,0.0010427,0.0010358,0.0010459,0.0010315,7138.27038717
2017-11-19 08:00:00,0.0010483,0.0010427,0.001056,0.0010298,34893.0836719
2017-11-19 07:00:00,0.0010617,0.0010514,0.0010709,0.0010466,12758.3424887
2017-11-19 06:00:00,0.001052,0.0010584,0.0010653,0.001044,20008.6837217
2017-11-19 05:00:00,0.0010407,0.001051,0.001051,0.0010407,3021.69753694
2017-11-19 04:00:00,0.0010353,0.0010372,0.0010412,0.0010318,797.78285033
2017-11-19 03:00:00,0.0010298,0.0010383,0.0010399,0.0010272,6009.84071677
2017-11-19 02:00:00,0.001035,0.0010324,0.0010441,0.0010253,7462.54158233
2017-11-19 01:00:00,0.0010256,0.0010364,0.001042,0.0010237,9424.62261922
2017-11-19 00:00:00,0.0010219,0.0010267,0.001027,0.0010183,2358.11927799
2017-11-18 23:00:00,0.0010188,0.001016,0.0010256,0.001012,6052.98569586
2017-11-18 22:00:00,0.0010164,0.0010188,0.0010255,0.0010089,17719.1221248
2017-11-18 21:00:00,0.0010514,0.0010182,0.0010514,0.00101,20955.833191
2017-11-18 20:00:00,0.0010483,0.0010529,0.0010636,0.0010481,6846.760629
2017-11-18 19:00:00,0.0010469,0.0010483,0.0010507,0.0010411,2108.20027195
2017-11-18 18:00:00,0.0010399,0.001047,0.0010537,0.0010356,7132.47217988
2017-11-18 17:00:00,0.0010714,0.00104,0.0010725,0.0010352,21830.3239084
2017-11-18 16:00:00,0.0010841,0.0010714,0.0010913,0.0010557,33644.9172894
2017-11-18 15:00:00,0.001063,0.0010892,0.0010993,0.0010611,20114.7284222
2017-11-18 14:00:00,0.0011198,0.001063,0.0011198,0.001038,67371.1220928
2017-11-18 13:00:00,0.0010646,0.00112,0.0011349,0.0010638,40736.8022831
2017-11-18 12:00:00,0.001056,0.001061,0.001067,0.001044,22929.8563352
2017-11-18 11:00:00,0.001042,0.001056,0.00107,0.0010382,47338.358462
2017-11-18 10:00:00,0.0010369,0.001042,0.0010648,0.0010133,16138.3208715
2017-11-18 09:00:00,0.0010326,0.0010369,0.0010593,0.001027,25105.862413
2017-11-18 08:00:00,0.001015,0.0010311,0.0010518,0.0010086,19336.6745684
2017-11-18 07:00:00,0.0009965,0.0010135,0.0010176,0.00099,15075.065385
2017-11-18 06:00:00,0.0010011,0.0009927,0.0010036,0.000986,3681.42656937
2017-11-18 05:00:00,0.00097883,0.00099774,0.0010064,0.000975,9456.74116292
2017-11-18 04:00:00,0.0009974,0.000985,0.0010034,0.00098111,3758.71681911
2017-11-18 03:00:00,0.0010018,0.0010013,0.0010059,0.0009751,12424.5561305
2017-11-18 02:00:00,0.0010146,0.0010025,0.0010188,0.001,10569.3418265
2017-11-18 01:00:00,0.001015,0.0010135,0.0010239,0.001002,7999.95616288
2017-11-18 00:00:00,0.0009983,0.0010111,0.0010273,0.00099032,22808.3470752
2017-11-17 23:00:00,0.0009489,0.00099231,0.00099831,0.0009452,13322.9438455
2017-11-17 22:00:00,0.00096071,0.0009505,0.00096869,0.0009444,18386.2200615
2017-11-17 21:00:00,0.00097507,0.00096071,0.001,0.00095814,26786.3585783
2017-11-17 20:00:00,0.00096425,0.000975,0.0010147,0.000955,33648.9643125
2017-11-17 19:00:00,0.00095427,0.0009643,0.0009676,0.00094306,12857.7822707
2017-11-17 18:00:00,0.00093491,0.00095427,0.00095427,0.00093315,33276.8312781
2017-11-17 17:00:00,0.00092159,0.0009325,0.00093446,0.00092091,2526.07111041
2017-11-17 16:00:00,0.0009268,0.00092,0.00093287,0.00091944,4647.36043879
2017-11-17 15:00:00,0.000916,0.0009267,0.00093407,0.00091206,4769.13856672
2017-11-17 14:00:00,0.0009218,0.0009164,0.00092806,0.00090973,3564.03342766
2017-11-17 13:00:00,0.0009352,0.0009249,0.0009352,0.0009155,6216.66446088
2017-11-17 12:00:00,0.00093299,0.0009352,0.00093961,0.0009136,24186.6591492
2017-11-17 11:00:00,0.0009286,0.000933,0.0009354,0.000927,4474.79166869
2017-11-17 10:00:00,0.00093872,0.00092703,0.0009409,0.00092701,6105.40824883
2017-11-17 09:00:00,0.00092747,0.00093776,0.00093776,0.00092372,3218.63076871
2017-11-17 08:00:00,0.0009489,0.0009316,0.00095451,0.0009196,10748.7934722
2017-11-17 07:00:00,0.00094258,0.00094867,0.00096151,0.00094144,6079.67437644
2017-11-17 06:00:00,0.00092202,0.00094261,0.0009559,0.00092202,14873.4994749
2017-11-17 05:00:00,0.0009171,0.0009264,0.00092704,0.00091388,2347.23333872
2017-11-17 04:00:00,0.00090421,0.0009171,0.00091716,0.00090411,3936.44808319
2017-11-17 03:00:00,0.0009158,0.00090454,0.00092033,0.00089833,10446.4769517
2017-11-17 02:00:00,0.0009028,0.00091952,0.00092669,0.0009028,4751.99684138
2017-11-17 01:00:00,0.00090006,0.0009024,0.000905,0.00089151,18905.582808
2017-11-17 00:00:00,0.00091214,0.00090819,0.00091214,0.00088854,13198.5950027
2017-11-16 23:00:00,0.00092588,0.00091213,0.0009291,0.0009005,24572.2447357
2017-11-16 22:00:00,0.00091609,0.00092916,0.00094814,0.00090746,21769.365762
2017-11-16 21:00:00,0.000945,0.0009179,0.000945,0.00090802,13417.8207828
2017-11-16 20:00:00,0.00093713,0.000945,0.00094892,0.0009357,9402.0723464
2017-11-16 19:00:00,0.0009328,0.00093891,0.00095243,0.0009304,9364.18193802
2017-11-16 18:00:00,0.00096681,0.000932,0.00096681,0.0009317,15388.6657447
2017-11-16 17:00:00,0.00099311,0.0009664,0.0009999,0.00096265,4454.23242698
2017-11-16 16:00:00,0.00098957,0.000993,0.00099978,0.0009886,1298.14771918
2017-11-16 15:00:00,0.00097934,0.0009868,0.00099276,0.00097827,2867.05790772
2017-11-16 14:00:00,0.00098691,0.00097934,0.00099523,0.0009793,2793.74613749
2017-11-16 13:00:00,0.001004,0.00099183,0.0010053,0.00098691,6774.7259292
2017-11-16 12:00:00,0.0010031,0.0010041,0.0010073,0.00099245,5674.8251744
2017-11-16 11:00:00,0.00097223,0.001003,0.0010067,0.00097,6030.71910754
2017-11-16 10:00:00,0.00099097,0.0009738,0.0009984,0.00097253,21544.6289822
2017-11-16 09:00:00,0.0010003,0.00099096,0.0010005,0.00097556,37044.3874698
2017-11-16 08:00:00,0.0010127,0.0010003,0.0010183,0.0010003,17268.1824426
2017-11-16 07:00:00,0.0010419,0.0010131,0.0010419,0.0010122,12466.6995853
2017-11-16 06:00:00,0.001057,0.0010413,0.0010625,0.0010393,31633.8173983
2017-11-16 05:00:00,0.001057,0.0010548,0.0010622,0.0010508,1284.92328218
2017-11-16 04:00:00,0.0010552,0.001059,0.001059,0.001045,6491.68116546
2017-11-16 03:00:00,0.0010599,0.0010508,0.0010629,0.0010508,3503.56708399
2017-11-16 02:00:00,0.0010503,0.0010593,0.001061,0.0010498,4606.34495952
2017-11-16 01:00:00,0.0010606,0.0010505,0.0010606,0.001045,2037.67909449
2017-11-16 00:00:00,0.0010627,0.0010533,0.001067,0.0010465,8489.79990525
2017-11-15 23:00:00,0.0010547,0.0010622,0.0010662,0.0010547,3494.98720617
2017-11-15 22:00:00,0.0010485,0.0010577,0.00107,0.0010468,6375.6886983
2017-11-15 21:00:00,0.0010567,0.0010485,0.0010597,0.0010445,15910.0610221
2017-11-15 20:00:00,0.0010433,0.0010562,0.0010562,0.0010406,11631.02011
2017-11-15 19:00:00,0.0010702,0.0010471,0.0010748,0.0010332,8972.88698571
2017-11-15 18:00:00,0.0010521,0.00107,0.0010714,0.0010452,9236.55601511
2017-11-15 17:00:00,0.0010405,0.0010522,0.0010522,0.0010373,9581.04543376
2017-11-15 16:00:00,0.0010142,0.0010444,0.001051,0.0010063,19203.2940693
2017-11-15 15:00:00,0.0010532,0.0010152,0.0010533,0.001014,13593.3039643
2017-11-15 14:00:00,0.0010686,0.0010494,0.001075,0.0010463,8825.77401057
2017-11-15 13:00:00,0.0010531,0.001064,0.0010733,0.0010446,41001.3185243
2017-11-15 12:00:00,0.001112,0.0010585,0.001112,0.0010504,62719.3957285
2017-11-15 11:00:00,0.0011372,0.0011121,0.0011375,0.0011121,13249.7473274
2017-11-15 10:00:00,0.0011478,0.001135,0.0011478,0.001135,9244.94556109
2017-11-15 09:00:00,0.0011486,0.001149,0.00115,0.0011422,2605.33307892
2017-11-15 08:00:00,0.0011455,0.00115,0.0011596,0.0011416,3378.03187116
2017-11-15 07:00:00,0.0011704,0.0011444,0.0011749,0.0011388,11740.685266
2017-11-15 06:00:00,0.0011685,0.0011703,0.0011704,0.0011604,3724.24910908
2017-11-15 05:00:00,0.0011389,0.0011701,0.0011704,0.0011387,15011.0126261
2017-11-15 04:00:00,0.0011402,0.001133,0.0011471,0.0011317,6206.82392013
2017-11-15 03:00:00,0.0011398,0.0011377,0.0011478,0.001137,4200.34508125
2017-11-15 02:00:00,0.0011465,0.0011375,0.0011478,0.0011327,6145.08338019
2017-11-15 01:00:00,0.00115,0.0011465,0.0011552,0.0011463,2806.40134485
2017-11-15 00:00:00,0.001195,0.0011517,0.0011953,0.0011505,18062.3306754
2017-11-14 23:00:00,0.0011911,0.0011914,0.001195,0.0011694,11533.420947
2017-11-14 22:00:00,0.001179,0.0011888,0.0011979,0.0011742,10794.3972789
2017-11-14 21:00:00,0.0011731,0.001179,0.0011791,0.0011554,8258.1523676
2017-11-14 20:00:00,0.001155,0.001175,0.001175,0.0011527,16536.1694991
2017-11-14 19:00:00,0.0011623,0.001155,0.0011647,0.0011504,6669.00604167
2017-11-14 18:00:00,0.0011563,0.0011647,0.0011647,0.0011503,3748.77298855
2017-11-14 17:00:00,0.0011504,0.0011563,0.0011619,0.0011468,6010.81721853
2017-11-14 16:00:00,0.0011597,0.0011549,0.0011734,0.0011512,11146.2700296
2017-11-14 15:00:00,0.0011626,0.0011614,0.0011665,0.001154,3042.73698905
2017-11-14 14:00:00,0.0011593,0.0011617,0.0011797,0.0011556,34307.6303722
2017-11-14 13:00:00,0.0011452,0.0011589,0.0011596,0.0011451,27421.2596612
2017-11-14 12:00:00,0.0011429,0.0011451,0.0011467,0.0011312,8677.56799083
2017-11-14 11:00:00,0.001141,0.0011436,0.0011441,0.0011371,9694.60034691
2017-11-14 10:00:00,0.0011446,0.0011361,0.0011465,0.0011343,4979.60484369
2017-11-14 09:00:00,0.0011451,0.0011431,0.001155,0.0011383,3886.23735026
2017-11-14 08:00:00,0.0011283,0.00115,0.001155,0.0011283,3576.36620201
2017-11-14 07:00:00,0.0011454,0.0011376,0.0011529,0.0011276,3310.71505115
2017-11-14 06:00:00,0.0011309,0.0011496,0.001155,0.0011301,22272.2140455
2017-11-14 05:00:00,0.0011264,0.0011387,0.0011427,0.001121,4633.48907588
2017-11-14 04:00:00,0.0011289,0.0011222,0.0011373,0.001121,10141.8503913
2017-11-14 03:00:00,0.0011299,0.0011299,0.0011435,0.0011213,12363.0678967
2017-11-14 02:00:00,0.0011352,0.0011245,0.001139,0.001119,10642.5562857
2017-11-14 01:00:00,0.0011402,0.0011389,0.0011423,0.001127,11103.0213827
2017-11-14 00:00:00,0.0011642,0.0011329,0.0011667,0.001132,7798.49921491
2017-11-13 23:00:00,0.0011689,0.0011645,0.0011699,0.0011474,8193.97125141
2017-11-13 22:00:00,0.001135,0.0011619,0.0011679,0.001132,8278.98192537
2017-11-13 21:00:00,0.0011601,0.001136,0.0011601,0.001132,11366.2222668
2017-11-13 20:00:00,0.001137,0.0011611,0.0011628,0.0011335,11982.2851608
2017-11-13 19:00:00,0.0011424,0.0011431,0.0011489,0.001124,12368.284638
2017-11-13 18:00:00,0.0011486,0.001148,0.0011499,0.0011126,25269.8942292
2017-11-13 17:00:00,0.0011501,0.0011461,0.0011501,0.0011292,12999.4282103
2017-11-13 16:00:00,0.0011366,0.0011497,0.0011498,0.0011234,37042.2841377
2017-11-13 15:00:00,0.0011597,0.0011286,0.0011684,0.0011286,5556.39613025
2017-11-13 14:00:00,0.00114,0.0011597,0.0011714,0.0011362,19939.2675134
2017-11-13 13:00:00,0.0011405,0.0011368,0.0011475,0.0011061,21409.1861997
2017-11-13 12:00:00,0.0011708,0.0011421,0.0011783,0.001141,20116.5401854
2017-11-13 11:00:00,0.0011959,0.001168,0.0011959,0.0011561,32388.7746979
2017-11-13 10:00:00,0.0011886,0.0011963,0.00121,0.0011779,14773.188884
2017-11-13 09:00:00,0.0011963,0.001191,0.0012328,0.0011777,21148.3545333
2017-11-13 08:00:00,0.0011781,0.0011877,0.00123,0.0011781,23470.8113215
2017-11-13 07:00:00,0.0011774,0.0011778,0.0011847,0.001165,20652.7121855
2017-11-13 06:00:00,0.0011329,0.0011775,0.0011861,0.0011307,13609.5020452
2017-11-13 05:00:00,0.001176,0.0011329,0.0011777,0.0011293,14177.4848692
2017-11-13 04:00:00,0.001214,0.001179,0.0012349,0.0011761,37484.3045474
2017-11-13 03:00:00,0.0011795,0.0012142,0.0012142,0.0011691,61576.4139459
2017-11-13 02:00:00,0.0011449,0.001179,0.001179,0.0011425,20521.3919804
2017-11-13 01:00:00,0.0011198,0.0011496,0.0011505,0.0011198,4239.92672949
2017-11-13 00:00:00,0.0011287,0.0011229,0.0011331,0.001117,4545.14930339
2017-11-12 23:00:00,0.0011563,0.001123,0.0011563,0.001113,15196.3290532
2017-11-12 22:00:00,0.0011335,0.0011565,0.0011586,0.0011314,15855.6097467
2017-11-12 21:00:00,0.0011291,0.001138,0.0011469,0.0011225,10482.4727581
2017-11-12 20:00:00,0.0011273,0.0011243,0.0011346,0.0011162,10282.7189458
2017-11-12 19:00:00,0.0011117,0.0011274,0.0011321,0.0011081,6519.96959611
2017-11-12 18:00:00,0.0011283,0.0011161,0.0011346,0.0011074,11144.9525593
2017-11-12 17:00:00,0.0011048,0.0011341,0.0011342,0.001101,10472.3021082
2017-11-12 16:00:00,0.0010996,0.0011028,0.0011067,0.001085,15006.1224077
2017-11-12 15:00:00,0.001097,0.0010912,0.0011047,0.001081,18336.4239231
2017-11-12 14:00:00,0.0010997,0.0010969,0.0011058,0.0010835,14402.9676351
2017-11-12 13:00:00,0.0010942,0.001102,0.00112,0.0010847,13497.7181267
2017-11-12 12:00:00,0.001066,0.0010916,0.0011048,0.0010632,23478.0792851
2017-11-12 11:00:00,0.0010833,0.0010624,0.0010924,0.0010546,15395.676872
2017-11-12 10:00:00,0.0010905,0.0010833,0.0011,0.0010752,11527.3725314
2017-11-12 09:00:00,0.0010704,0.0010789,0.0011172,0.001066,25985.994902
2017-11-12 08:00:00,0.001113,0.0010715,0.0011355,0.0010701,82803.1678665
2017-11-12 07:00:00,0.0010994,0.00111,0.0011598,0.0010923,43895.4443681
2017-11-12 06:00:00,0.0011098,0.001098,0.0011395,0.0010829,50528.344199
2017-11-12 05:00:00,0.0011352,0.0011098,0.001149,0.0011054,22656.692694
2017-11-12 04:00:00,0.0011218,0.0011352,0.0011396,0.0011143,14635.6358603
2017-11-12 03:00:00,0.0011473,0.0011209,0.0011476,0.0011209,17772.2760201
2017-11-12 02:00:00,0.0011504,0.0011473,0.00116,0.0011353,36120.5025768
2017-11-12 01:00:00,0.0011536,0.0011516,0.00116,0.0011449,8916.65468014
2017-11-12 00:00:00,0.0011536,0.001155,0.00116,0.001148,10009.0559496
2017-11-11 23:00:00,0.0011469,0.0011482,0.0011569,0.001138,10208.4495613
2017-11-11 22:00:00,0.001134,0.0011467,0.0011546,0.0011173,10594.0684515
2017-11-11 21:00:00,0.0011525,0.0011341,0.0011551,0.0011341,13494.2339303
2017-11-11 20:00:00,0.0011421,0.001151,0.0011551,0.0011399,7246.57648918
2017-11-11 19:00:00,0.0011562,0.0011386,0.001159,0.0011355,16652.5112913
2017-11-11 18:00:00,0.0011281,0.001157,0.001157,0.0011281,49352.8759193
2017-11-11 17:00:00,0.0011075,0.0011281,0.0011316,0.0011062,33631.6210955
2017-11-11 16:00:00,0.0011036,0.0011074,0.001113,0.00109,6223.3342442
2017-11-11 15:00:00,0.001111,0.0011011,0.001113,0.0010908,7596.77198593
2017-11-11 14:00:00,0.0011,0.0011139,0.0011139,0.00109,11330.9087498
2017-11-11 13:00:00,0.0011073,0.0011,0.0011134,0.0010825,17598.7885178
2017-11-11 12:00:00,0.0011237,0.0011076,0.0011392,0.0011064,11516.1211766
2017-11-11 11:00:00,0.0011253,0.001118,0.0011488,0.00111,52314.4868524
2017-11-11 10:00:00,0.001111,0.0011252,0.0011337,0.0011101,25073.6279295
2017-11-11 09:00:00,0.0010885,0.00111,0.0011101,0.0010835,12911.4326929
2017-11-11 08:00:00,0.0010787,0.001089,0.0011093,0.0010712,11256.4410846
2017-11-11 07:00:00,0.0010618,0.001079,0.0010875,0.0010618,4111.06715281
2017-11-11 06:00:00,0.00106,0.0010618,0.0010696,0.0010577,4547.90403603
2017-11-11 05:00:00,0.001057,0.0010578,0.0010673,0.0010502,11501.6653541
2017-11-11 04:00:00,0.0010554,0.0010569,0.0010653,0.001053,3369.67505724
2017-11-11 03:00:00,0.0010698,0.001058,0.0010702,0.00105,13442.0532248
2017-11-11 02:00:00,0.0010697,0.0010768,0.0010782,0.0010564,3272.66893228
2017-11-11 01:00:00,0.0010707,0.00107,0.001074,0.0010664,5201.89055392
2017-11-11 00:00:00,0.0010674,0.0010735,0.0010779,0.0010548,3360.83023424
2017-11-10 23:00:00,0.00108,0.0010653,0.0010818,0.0010543,9806.88870122
2017-11-10 22:00:00,0.0010805,0.0010792,0.0010932,0.0010734,14964.2941337
2017-11-10 21:00:00,0.0010604,0.001082,0.0010995,0.0010604,18401.6333454
2017-11-10 20:00:00,0.0010559,0.0010609,0.0010736,0.0010391,12033.5691849
2017-11-10 19:00:00,0.0010443,0.0010479,0.001069,0.001039,19024.2049606
2017-11-10 18:00:00,0.0010532,0.0010443,0.0010642,0.0010273,29135.6517384
2017-11-10 17:00:00,0.0010654,0.00105,0.0010804,0.0010495,16594.9245429
2017-11-10 16:00:00,0.0010821,0.0010633,0.0010827,0.0010602,5960.24378541
2017-11-10 15:00:00,0.001062,0.0010802,0.0010903,0.0010604,13428.58788
2017-11-10 14:00:00,0.0010668,0.0010565,0.001091,0.0010565,16240.5145676
2017-11-10 13:00:00,0.0011043,0.0010668,0.0011102,0.001059,30836.9951339
2017-11-10 12:00:00,0.001099,0.0011041,0.0011149,0.0010892,25144.7600487
2017-11-10 11:00:00,0.0011062,0.001099,0.0011283,0.0010808,39512.5653392
2017-11-10 10:00:00,0.0010811,0.0011001,0.0011268,0.0010809,24119.3019678
2017-11-10 09:00:00,0.001095,0.0010808,0.0011108,0.0010712,29653.0204392
2017-11-10 08:00:00,0.001069,0.0010952,0.0010982,0.0010661,30376.8136364
2017-11-10 07:00:00,0.0010528,0.0010667,0.001068,0.001037,66123.6800428
2017-11-10 06:00:00,0.0010561,0.0010528,0.0010692,0.001051,21989.2676482
2017-11-10 05:00:00,0.0010751,0.0010542,0.0010834,0.001051,18830.2480888
2017-11-10 04:00:00,0.001077,0.0010749,0.0010899,0.0010724,20059.2957565
2017-11-10 03:00:00,0.0010998,0.0010778,0.0010998,0.0010747,69772.4599221
2017-11-10 02:00:00,0.001096,0.0010957,0.0011049,0.0010863,6670.10028154
2017-11-10 01:00:00,0.0011061,0.0010916,0.00111,0.0010916,12326.9905725
2017-11-10 00:00:00,0.0011253,0.0011062,0.0011328,0.0011002,16067.7295601
2017-11-09 23:00:00,0.0011349,0.001126,0.0011458,0.001126,9016.68806084
2017-11-09 22:00:00,0.0011217,0.0011335,0.0011411,0.0010901,32150.7441777
2017-11-09 21:00:00,0.0011446,0.0011216,0.0011502,0.001111,28655.632743
2017-11-09 20:00:00,0.0011487,0.0011522,0.0011523,0.0011278,26799.6035686
2017-11-09 19:00:00,0.001174,0.0011426,0.0011784,0.0011401,20416.1695026
2017-11-09 18:00:00,0.0011701,0.001174,0.0011749,0.0011595,9618.56364631
2017-11-09 17:00:00,0.00117,0.0011708,0.001183,0.0011656,28587.3627141
2017-11-09 16:00:00,0.001158,0.00117,0.00117,0.0011551,16504.2043179
2017-11-09 15:00:00,0.0011307,0.001158,0.001166,0.0011247,16293.6358326
2017-11-09 14:00:00,0.0011589,0.0011306,0.001165,0.0011087,17141.4217027
2017-11-09 13:00:00,0.001161,0.0011526,0.001165,0.0011342,22482.8766498
2017-11-09 12:00:00,0.0011541,0.001163,0.0012,0.0011365,75437.5908667
2017-11-09 11:00:00,0.0011304,0.0011485,0.0011709,0.0011272,30363.1849928
2017-11-09 10:00:00,0.0011297,0.0011362,0.0011593,0.00112,42593.1032656
2017-11-09 09:00:00,0.0011,0.0011269,0.0011297,0.0010999,16167.6871838
2017-11-09 08:00:00,0.0011009,0.0011042,0.0011158,0.0010871,29528.9305876
2017-11-09 07:00:00,0.0011178,0.0011019,0.0011296,0.001101,31397.3618626
2017-11-09 06:00:00,0.0011089,0.0011205,0.0011323,0.0011089,21306.8566788
2017-11-09 05:00:00,0.0010854,0.0011096,0.001114,0.001083,16370.1400916
2017-11-09 04:00:00,0.001073,0.0010862,0.0010974,0.00107,20311.2102175
2017-11-09 03:00:00,0.0010594,0.00107,0.0010821,0.0010531,25493.5252872
2017-11-09 02:00:00,0.0010641,0.0010609,0.0010868,0.0010531,23138.2235138
2017-11-09 01:00:00,0.0010726,0.0010614,0.00109,0.0010499,42573.6573082
2017-11-09 00:00:00,0.0010227,0.00107,0.0010745,0.0010198,40749.56915
2017-11-08 23:00:00,0.001001,0.0010245,0.0010548,0.001001,37755.3600586
2017-11-08 22:00:00,0.001064,0.0010057,0.0010659,0.00098502,59958.4750089
2017-11-08 21:00:00,0.0010835,0.0010592,0.00112,0.00104,195652.567788
2017-11-08 20:00:00,0.0010642,0.0010834,0.0011199,0.00105,112809.898897
2017-11-08 19:00:00,0.0010359,0.0010648,0.0010889,0.0010189,121840.515601
2017-11-08 18:00:00,0.0010004,0.001035,0.0011132,0.000947,290369.756707
2017-11-08 17:00:00,0.00088,0.0010004,0.0010219,0.00086093,125623.531837
2017-11-08 16:00:00,0.00087929,0.000876,0.0008909,0.000876,7594.44285503
2017-11-08 15:00:00,0.0008834,0.00087995,0.0008834,0.00087382,1971.46850021
2017-11-08 14:00:00,0.0008867,0.0008816,0.00089326,0.000874,13693.3989682
2017-11-08 13:00:00,0.00088133,0.00088879,0.000894,0.00087169,73352.0314498
2017-11-08 12:00:00,0.0008809,0.00088233,0.00088532,0.0008717,5231.5548801
2017-11-08 11:00:00,0.0008923,0.00088221,0.00090295,0.00087548,16052.3886028
2017-11-08 10:00:00,0.00088211,0.00089527,0.00089657,0.00088036,2820.08836545
2017-11-08 09:00:00,0.00087581,0.00088002,0.00089299,0.0008716,8400.63694435
2017-11-08 08:00:00,0.00087167,0.00087582,0.00087689,0.0008685,2678.49528079
2017-11-08 07:00:00,0.00086596,0.00087167,0.00087678,0.0008628,3290.78010268
2017-11-08 06:00:00,0.00087,0.00086465,0.00087648,0.0008633,942.57508532
2017-11-08 05:00:00,0.0008751,0.0008701,0.00088789,0.0008699,6176.51152334
2017-11-08 04:00:00,0.0008729,0.0008775,0.00088337,0.0008692,2383.34908063
2017-11-08 03:00:00,0.00087052,0.00087288,0.00087288,0.0008654,4146.94288382
2017-11-08 02:00:00,0.00087369,0.00087375,0.00088136,0.0008642,8711.41230867
2017-11-08 01:00:00,0.00089354,0.0008741,0.00089668,0.00087,17488.81787
2017-11-08 00:00:00,0.00089149,0.00089668,0.0008967,0.00089149,3509.3185043
2017-11-07 23:00:00,0.0008959,0.00088739,0.0009,0.0008801,10319.8815536
2017-11-07 22:00:00,0.0008942,0.00089596,0.000901,0.0008844,6675.43666724
2017-11-07 21:00:00,0.000889,0.0008972,0.00089861,0.00088498,4656.86923709
2017-11-07 20:00:00,0.00088889,0.00088868,0.0008918,0.0008767,17674.1084243
2017-11-07 19:00:00,0.000888,0.00088858,0.000893,0.00088101,8037.37992577
2017-11-07 18:00:00,0.00089402,0.0008875,0.00089681,0.0008855,4954.46623239
2017-11-07 17:00:00,0.0008804,0.00089403,0.00090154,0.0008754,8517.63128006
2017-11-07 16:00:00,0.00088238,0.00088021,0.0008876,0.00087032,24443.120048
2017-11-07 15:00:00,0.00089165,0.00088239,0.0008991,0.00088201,72458.3056058
2017-11-07 14:00:00,0.00090388,0.0008919,0.00090738,0.00088154,30898.9885128
2017-11-07 13:00:00,0.00091121,0.00090389,0.00091377,0.00089692,11211.5189032
2017-11-07 12:00:00,0.00092108,0.0009137,0.00092109,0.00090862,6138.36139056
2017-11-07 11:00:00,0.00092615,0.0009207,0.00092615,0.00091354,3409.0379703
2017-11-07 10:00:00,0.0009193,0.00092625,0.00092989,0.00091444,10139.8006052
2017-11-07 09:00:00,0.0009128,0.000919,0.00092639,0.00091001,12808.9533048
2017-11-07 08:00:00,0.0009302,0.0009141,0.00093599,0.0009131,4126.99708199
2017-11-07 07:00:00,0.00092679,0.0009281,0.0009401,0.00092241,2787.31496234
2017-11-07 06:00:00,0.0009111,0.00092666,0.000927,0.00090771,2414.70156472
2017-11-07 05:00:00,0.0009198,0.000915,0.0009208,0.00090302,7756.99557833
2017-11-07 04:00:00,0.00093215,0.00091978,0.00093417,0.00091851,8239.59360702
2017-11-07 03:00:00,0.00092865,0.0009376,0.0009376,0.0009228,2299.16855501
2017-11-07 02:00:00,0.0009227,0.0009325,0.000944,0.0009227,3073.98719472
2017-11-07 01:00:00,0.0009147,0.0009227,0.0009244,0.0009087,7674.93902863
2017-11-07 00:00:00,0.00093379,0.00091509,0.00094029,0.00091,11441.5339065
2017-11-06 23:00:00,0.00094,0.00094136,0.00094958,0.0009156,30967.6217451
2017-11-06 22:00:00,0.00091824,0.00094,0.00094,0.00090273,15559.0788254
2017-11-06 21:00:00,0.00091866,0.000912,0.00092665,0.0009023,34157.6064515
2017-11-06 20:00:00,0.00095488,0.00092462,0.00095488,0.00091641,18640.2407197
2017-11-06 19:00:00,0.00091,0.00094943,0.00096744,0.00090882,81242.3908346
2017-11-06 18:00:00,0.000899,0.00091199,0.000912,0.0008925,18510.21551
2017-11-06 17:00:00,0.00088356,0.0008994,0.0009046,0.0008835,15303.2176586
2017-11-06 16:00:00,0.00087551,0.0008801,0.0008988,0.00087174,21905.2273501
2017-11-06 15:00:00,0.0008724,0.0008772,0.0008811,0.0008699,12979.7901932
2017-11-06 14:00:00,0.00086139,0.00087012,0.00087414,0.00085202,5880.03277392
2017-11-06 13:00:00,0.00085509,0.00086268,0.00086688,0.0008537,8873.42973267
2017-11-06 12:00:00,0.00086651,0.0008555,0.00087069,0.0008518,6924.13813051
2017-11-06 11:00:00,0.00085681,0.00086963,0.00086963,0.00085631,5642.5881145
2017-11-06 10:00:00,0.0008539,0.0008574,0.00086018,0.00085381,4655.910398
2017-11-06 09:00:00,0.0008498,0.0008539,0.0008558,0.00084812,5421.28484264
2017-11-06 08:00:00,0.0008523,0.00084964,0.0008555,0.00084457,5544.78300877
2017-11-06 07:00:00,0.00085701,0.0008529,0.00085994,0.0008486,4247.66089093
2017-11-06 06:00:00,0.00086782,0.00085701,0.00087437,0.0008552,9853.40488869
2017-11-06 05:00:00,0.0008817,0.00086714,0.0008893,0.0008595,10144.9704194
2017-11-06 04:00:00,0.0008761,0.0008817,0.00089989,0.00087221,11892.1048895
2017-11-06 03:00:00,0.00084743,0.000876,0.00088816,0.00084743,74174.3708014
2017-11-06 02:00:00,0.0008518,0.00084721,0.00085849,0.00084031,14112.709375
2017-11-06 01:00:00,0.00085473,0.0008501,0.0008598,0.00084977,5326.55330282
2017-11-06 00:00:00,0.00084622,0.00085441,0.000857,0.00084318,5110.54289056
2017-11-05 23:00:00,0.00085393,0.00084906,0.0008682,0.000845,11014.2975041
2017-11-05 22:00:00,0.00087,0.0008497,0.0008759,0.0008396,15701.0670014
2017-11-05 21:00:00,0.00081941,0.00087,0.00087,0.00081941,27213.0429572
2017-11-05 20:00:00,0.0008237,0.00082139,0.0008269,0.0008144,10378.8059281
2017-11-05 19:00:00,0.00082969,0.0008232,0.00083173,0.00081715,6443.73147334
2017-11-05 18:00:00,0.00083039,0.0008293,0.00083297,0.00082331,3926.50439333
2017-11-05 17:00:00,0.0008281,0.0008304,0.00083349,0.0008233,7306.9744021
2017-11-05 16:00:00,0.0008305,0.00082553,0.00083465,0.00082364,14135.1244828
2017-11-05 15:00:00,0.00083045,0.00082981,0.00083597,0.0008251,6817.09616335
2017-11-05 14:00:00,0.0008251,0.0008318,0.0008318,0.0008231,17753.354652
2017-11-05 13:00:00,0.0008385,0.0008246,0.0008417,0.000823,10243.2152965
2017-11-05 12:00:00,0.000844,0.00083749,0.000862,0.0008371,14860.320886
2017-11-05 11:00:00,0.00085292,0.000844,0.00085454,0.00084051,6758.38557816
2017-11-05 10:00:00,0.00085088,0.00085256,0.00086048,0.00085088,2832.12488336
2017-11-05 09:00:00,0.000861,0.00085088,0.00086724,0.00085001,15472.3722035
2017-11-05 08:00:00,0.00087057,0.00086061,0.00087374,0.00086051,4525.53380625
2017-11-05 07:00:00,0.0008616,0.00086554,0.00087335,0.0008616,4632.75527485
2017-11-05 06:00:00,0.0008621,0.0008618,0.00086875,0.0008582,1676.46697162
2017-11-05 05:00:00,0.000864,0.000862,0.00087197,0.00085889,2256.09845166
2017-11-05 04:00:00,0.00086767,0.000864,0.0008756,0.00086266,2527.45424461
2017-11-05 03:00:00,0.0008768,0.00086767,0.00088102,0.0008667,3516.49421279
2017-11-05 02:00:00,0.00086654,0.00087639,0.00088101,0.00086469,4946.99920434
2017-11-05 01:00:00,0.0008801,0.00086588,0.0008801,0.000865,7859.42317904
2017-11-05 00:00:00,0.0008754,0.0008801,0.0008889,0.0008678,4263.51246637
2017-11-04 23:00:00,0.00087411,0.000875,0.000878,0.00086025,6332.01634029
2017-11-04 22:00:00,0.00086729,0.00087472,0.00088608,0.00086729,8670.24081281
2017-11-04 21:00:00,0.0008584,0.00086301,0.0008663,0.0008516,5521.58933306
2017-11-04 20:00:00,0.0008674,0.00085849,0.00087285,0.00085421,13522.1161576
2017-11-04 19:00:00,0.00087767,0.00086371,0.000879,0.00086371,7851.26906151
2017-11-04 18:00:00,0.0008739,0.00087767,0.000882,0.00086718,7844.90125736
2017-11-04 17:00:00,0.00087614,0.00087283,0.00088938,0.00086569,71629.2021901
2017-11-04 16:00:00,0.000894,0.00087688,0.000894,0.00087306,22123.6782017
2017-11-04 15:00:00,0.0008941,0.000894,0.0009079,0.000891,5732.03032893
2017-11-04 14:00:00,0.0008907,0.0008923,0.000897,0.00088597,8485.85841978
2017-11-04 13:00:00,0.000919,0.00089559,0.0009291,0.00088682,18787.0636158
2017-11-04 12:00:00,0.0009286,0.0009201,0.00093369,0.0009191,11077.3394831
2017-11-04 11:00:00,0.00094131,0.00093415,0.00094427,0.0009263,5929.85513423
2017-11-04 10:00:00,0.00093734,0.000941,0.000953,0.000937,7879.17822646
2017-11-04 09:00:00,0.00094,0.0009469,0.00094827,0.0009288,3007.80801731
2017-11-04 08:00:00,0.00092881,0.00094868,0.00094868,0.0009286,2021.15313426
2017-11-04 07:00:00,0.00094256,0.0009263,0.0009507,0.0009251,8839.8332073
2017-11-04 06:00:00,0.00092856,0.00094198,0.0009465,0.00092856,2638.8327363
2017-11-04 05:00:00,0.0009207,0.00092359,0.00092846,0.0009126,3505.01770489
2017-11-04 04:00:00,0.00092586,0.0009207,0.00093618,0.00091232,2962.35571118
2017-11-04 03:00:00,0.00093122,0.0009237,0.0009375,0.0009227,6867.80064263
2017-11-04 02:00:00,0.0009289,0.00092775,0.0009365,0.00091027,18538.9713281
2017-11-04 01:00:00,0.00095099,0.000928,0.000973,0.000928,22153.8693938
2017-11-04 00:00:00,0.00093904,0.00095188,0.0009565,0.00093654,12767.2853552
2017-11-03 23:00:00,0.0009416,0.00094578,0.00094959,0.00092845,7809.25212522
2017-11-03 22:00:00,0.00094819,0.0009392,0.0009547,0.0009132,16293.5258199
2017-11-03 21:00:00,0.0009189,0.00094818,0.0009588,0.0009189,21215.6679948
2017-11-03 20:00:00,0.00090499,0.00091949,0.00091949,0.00089511,7374.72910528
2017-11-03 19:00:00,0.000883,0.0009031,0.0009051,0.00088,7998.28659883
2017-11-03 18:00:00,0.0008964,0.000883,0.00090063,0.000883,5084.38192636
2017-11-03 17:00:00,0.0009029,0.0008964,0.00090369,0.00088679,5681.63459458
2017-11-03 16:00:00,0.00086799,0.00089903,0.00090719,0.0008661,24620.8950977
2017-11-03 15:00:00,0.000893,0.00086799,0.000893,0.0008632,22751.781104
2017-11-03 14:00:00,0.00089022,0.00089634,0.0009066,0.0008877,4572.32018841
2017-11-03 13:00:00,0.00088549,0.00089022,0.00092699,0.00088549,27272.0050517
2017-11-03 12:00:00,0.0008813,0.0008854,0.00088778,0.0008687,14070.273419
2017-11-03 11:00:00,0.0008517,0.00087971,0.00089676,0.00084922,26511.6763075
2017-11-03 10:00:00,0.0008386,0.00085708,0.00086,0.00083114,15662.9091252
2017-11-03 09:00:00,0.0008523,0.00083421,0.00085909,0.00083421,17642.7469893
2017-11-03 08:00:00,0.0008607,0.00085531,0.00086818,0.00084212,31063.1222587
2017-11-03 07:00:00,0.00088681,0.0008601,0.00089267,0.00085388,16705.0101374
2017-11-03 06:00:00,0.0008773,0.0008879,0.00090466,0.0008773,4060.78985746
2017-11-03 05:00:00,0.00089804,0.0008773,0.00089936,0.0008715,11657.368058
2017-11-03 04:00:00,0.0008751,0.00089746,0.00089804,0.00086632,9881.79201736
2017-11-03 03:00:00,0.0009209,0.00087501,0.00092119,0.0008645,35847.7933731
2017-11-03 02:00:00,0.00092682,0.0009199,0.00093875,0.0009141,18233.5024547
2017-11-03 01:00:00,0.00088549,0.00092401,0.0009562,0.00088276,28784.4144378
2017-11-03 00:00:00,0.00088829,0.000882,0.0008931,0.0008713,10644.1817313
2017-11-02 23:00:00,0.0008879,0.00088684,0.0009156,0.00088684,14708.5776179
2017-11-02 22:00:00,0.00090899,0.00088651,0.0009195,0.00087687,13653.9959132
2017-11-02 21:00:00,0.0009271,0.000909,0.00093266,0.0009027,9616.66150731
2017-11-02 20:00:00,0.0009295,0.00091802,0.00094915,0.00089449,82146.7014746
2017-11-02 19:00:00,0.00095902,0.00092994,0.00096549,0.0009215,38440.1337309
2017-11-02 18:00:00,0.0009089,0.00096114,0.0009899,0.00090809,76544.3531806
2017-11-02 17:00:00,0.000885,0.0009066,0.0009184,0.000885,22021.7925456
2017-11-02 16:00:00,0.0008567,0.000885,0.00089,0.0008567,23315.4531008
2017-11-02 15:00:00,0.0008917,0.0008567,0.0008917,0.0008552,24018.8977945
2017-11-02 14:00:00,0.00084247,0.00089485,0.00089485,0.00083771,14990.7887254
2017-11-02 13:00:00,0.00087547,0.0008383,0.00089308,0.0008341,30701.3342779
2017-11-02 12:00:00,0.00088701,0.00087,0.000916,0.0008606,28711.2846639
2017-11-02 11:00:00,0.0008211,0.0008865,0.0009393,0.00080017,99466.9235001
2017-11-02 10:00:00,0.00082201,0.0008217,0.00083,0.00081413,19466.4614295
2017-11-02 09:00:00,0.0008381,0.00082996,0.0008381,0.00081296,24473.7025096
2017-11-02 08:00:00,0.00084819,0.000835,0.0008579,0.00083241,19721.016782
2017-11-02 07:00:00,0.00084251,0.00084398,0.00089037,0.0008362,41939.4478732
2017-11-02 06:00:00,0.000889,0.00084332,0.000889,0.00084163,21304.7676279
2017-11-02 05:00:00,0.00090763,0.00089559,0.00090764,0.00085851,20844.4962762
2017-11-02 04:00:00,0.000891,0.00090351,0.00092,0.000891,24219.0333537
2017-11-02 03:00:00,0.00091001,0.000891,0.0009392,0.0008481,40961.7519156
2017-11-02 02:00:00,0.00087077,0.00091099,0.00099,0.0008634,109818.117635
2017-11-02 01:00:00,0.00084766,0.0008585,0.00087057,0.0008,119322.606123
2017-11-02 00:00:00,0.0008969,0.00084296,0.0009052,0.00083706,60345.0618077
2017-11-01 23:00:00,0.0009262,0.0008972,0.00093544,0.00089473,17416.4910587
2017-11-01 22:00:00,0.000974,0.0009303,0.000974,0.0009241,27505.1759017
2017-11-01 21:00:00,0.000983,0.0009742,0.00099141,0.00095892,21200.3534569
2017-11-01 20:00:00,0.0009379,0.00098051,0.00099702,0.0009379,35686.4774909
2017-11-01 19:00:00,0.0009442,0.00094213,0.000955,0.000939,7928.49070738
2017-11-01 18:00:00,0.00095741,0.0009421,0.00095944,0.000937,17171.1368323
2017-11-01 17:00:00,0.0009379,0.0009573,0.0009732,0.00093595,31493.0636922
2017-11-01 16:00:00,0.0009448,0.00094009,0.00094752,0.0009294,40959.2179096
2017-11-01 15:00:00,0.0009599,0.00094789,0.000964,0.00094083,27721.5437768
2017-11-01 14:00:00,0.0009789,0.0009599,0.00098162,0.00095328,26847.1647842
2017-11-01 13:00:00,0.000986,0.00097778,0.000987,0.0009733,13930.5689291
2017-11-01 12:00:00,0.0009806,0.000985,0.00099935,0.0009801,62339.1674412
2017-11-01 11:00:00,0.0009989,0.0009805,0.001,0.000979,36326.1353227
2017-11-01 10:00:00,0.0010139,0.001,0.0010477,0.0009961,32839.0138726
2017-11-01 09:00:00,0.0010111,0.0010139,0.0010151,0.00098179,98433.6865615
2017-11-01 08:00:00,0.0010376,0.0010133,0.001042,0.0010111,18995.8247631
2017-11-01 07:00:00,0.0010379,0.001037,0.0010416,0.0010224,7585.45698558
2017-11-01 06:00:00,0.0010437,0.0010379,0.0010457,0.0010379,4887.64790109
2017-11-01 05:00:00,0.0010478,0.0010433,0.0010535,0.001041,5166.37059297
2017-11-01 04:00:00,0.0010479,0.001047,0.0010545,0.0010402,3886.6185497
2017-11-01 03:00:00,0.0010528,0.0010452,0.0010529,0.0010412,10667.1169441
2017-11-01 02:00:00,0.00106,0.0010529,0.00106,0.00105,4822.40392962
2017-11-01 01:00:00,0.001087,0.0010601,0.0010897,0.00106,7673.75764916
2017-11-01 00:00:00,0.0010575,0.0010845,0.001091,0.0010555,11653.6639756
2017-10-31 23:00:00,0.0010929,0.0010582,0.0010937,0.0010573,11387.368957
2017-10-31 22:00:00,0.001096,0.0010892,0.0010989,0.0010892,4136.62472438
2017-10-31 21:00:00,0.0011009,0.0010944,0.0011059,0.0010912,3362.49011438
2017-10-31 20:00:00,0.0011168,0.001105,0.0011168,0.001099,8550.4859137
2017-10-31 19:00:00,0.001117,0.0011126,0.0011282,0.0011111,5926.25612229
2017-10-31 18:00:00,0.0011195,0.0011167,0.001129,0.0011125,5503.6107609
2017-10-31 17:00:00,0.0011031,0.0011195,0.0011195,0.0010991,19861.2471922
2017-10-31 16:00:00,0.0011063,0.0011032,0.001108,0.001099,19836.4970191
2017-10-31 15:00:00,0.0011044,0.0011041,0.0011199,0.001104,22755.9218531
2017-10-31 14:00:00,0.0011317,0.001107,0.0011317,0.0011001,22233.2949602
2017-10-31 13:00:00,0.0011467,0.001131,0.001149,0.001131,11508.1824473
2017-10-31 12:00:00,0.001144,0.0011467,0.001155,0.0011398,29996.2152103
2017-10-31 11:00:00,0.0011578,0.0011483,0.001158,0.0011413,17055.7621918
2017-10-31 10:00:00,0.0011627,0.0011538,0.0011684,0.0011535,3440.6206879
2017-10-31 09:00:00,0.0011719,0.0011688,0.0011734,0.0011667,2587.13709918
2017-10-31 08:00:00,0.0011738,0.0011732,0.0011778,0.0011612,7482.61217472
2017-10-31 07:00:00,0.001168,0.0011733,0.0011762,0.0011669,1689.19948687
2017-10-31 06:00:00,0.001165,0.0011625,0.0011689,0.0011621,3884.14491085
2017-10-31 05:00:00,0.0011689,0.0011653,0.0011714,0.0011633,6595.0520348
2017-10-31 04:00:00,0.0011751,0.001165,0.0011771,0.001165,6153.17842387
2017-10-31 03:00:00,0.0011785,0.001175,0.0011951,0.0011716,5675.2816845
2017-10-31 02:00:00,0.001174,0.001181,0.001181,0.0011683,3579.75585685
2017-10-31 01:00:00,0.0011669,0.0011744,0.0011824,0.0011648,3154.98110236
2017-10-31 00:00:00,0.0011834,0.0011668,0.0011846,0.0011606,10766.8448058
2017-10-30 23:00:00,0.0011817,0.001176,0.0011845,0.001176,2505.36147195
2017-10-30 22:00:00,0.001175,0.00118,0.0011813,0.001175,4044.17348277
2017-10-30 21:00:00,0.001188,0.001175,0.001188,0.00117,6149.84590205
2017-10-30 20:00:00,0.0011718,0.0011889,0.001189,0.0011663,11147.6755502
2017-10-30 19:00:00,0.0011767,0.0011727,0.0011802,0.0011673,7768.04358722
2017-10-30 18:00:00,0.0011721,0.0011701,0.0011794,0.001168,4473.36151274
2017-10-30 17:00:00,0.0011842,0.001172,0.001189,0.001172,7520.84436162
2017-10-30 16:00:00,0.0011793,0.0011842,0.0011882,0.0011789,3080.45376029
2017-10-30 15:00:00,0.0011892,0.001183,0.001199,0.0011828,3992.87714744
2017-10-30 14:00:00,0.0011764,0.0011945,0.0011954,0.001171,11792.2361856
2017-10-30 13:00:00,0.0011839,0.0011783,0.001184,0.001171,8482.34505932
2017-10-30 12:00:00,0.0011837,0.00118,0.0011883,0.00118,5126.40664066
2017-10-30 11:00:00,0.0011811,0.0011822,0.0011834,0.0011748,8118.64969816
2017-10-30 10:00:00,0.0011869,0.001181,0.0011957,0.0011801,5738.48250953
2017-10-30 09:00:00,0.0011875,0.0011828,0.0011889,0.0011802,1870.84441933
2017-10-30 08:00:00,0.0011947,0.001191,0.0011976,0.0011845,4053.77367055
2017-10-30 07:00:00,0.0012009,0.0011934,0.0012037,0.0011884,4736.13496077
2017-10-30 06:00:00,0.001192,0.0012019,0.0012034,0.0011856,3645.96075628
2017-10-30 05:00:00,0.0011841,0.0011926,0.0011926,0.0011818,1577.0319773
2017-10-30 04:00:00,0.0011934,0.0011848,0.0011987,0.0011826,2332.4245978
2017-10-30 03:00:00,0.0011994,0.0011934,0.0012076,0.0011878,2652.85149104
2017-10-30 02:00:00,0.0012,0.00121,0.00121,0.0011922,14557.6344236
2017-10-30 01:00:00,0.001199,0.001201,0.0012085,0.0011943,3709.33224989
2017-10-30 00:00:00,0.0011824,0.0012,0.0012027,0.0011818,5988.05196282
2017-10-29 23:00:00,0.0011779,0.0011803,0.0011869,0.0011714,3237.18333861
2017-10-29 22:00:00,0.0011957,0.0011779,0.0012071,0.0011779,8448.39394305
2017-10-29 21:00:00,0.0011741,0.0011965,0.0011965,0.0011726,6226.65365767
2017-10-29 20:00:00,0.001199,0.0011704,0.0012,0.001133,65581.6997726
2017-10-29 19:00:00,0.001247,0.0011967,0.0012527,0.0011965,17928.3026464
2017-10-29 18:00:00,0.0012384,0.001247,0.001252,0.001237,4515.97071451
2017-10-29 17:00:00,0.0012205,0.0012432,0.0012594,0.001211,14922.5004582
2017-10-29 16:00:00,0.001211,0.0012203,0.0012343,0.0012025,20349.4745838
2017-10-29 15:00:00,0.0012557,0.001214,0.0012635,0.001214,8952.79121048
2017-10-29 14:00:00,0.001256,0.0012517,0.0012571,0.0012461,4771.59889954
2017-10-29 13:00:00,0.0012558,0.0012564,0.0012629,0.0012472,7868.36923198
2017-10-29 12:00:00,0.0012649,0.0012582,0.001265,0.0012468,5408.87121252
2017-10-29 11:00:00,0.0012429,0.001261,0.0012639,0.001242,6498.82267557
2017-10-29 10:00:00,0.0012557,0.0012427,0.0012557,0.0012427,1553.2564558
2017-10-29 09:00:00,0.0012499,0.0012517,0.001263,0.001243,6194.90929922
2017-10-29 08:00:00,0.0012512,0.0012498,0.001255,0.001249,5642.15755827
2017-10-29 07:00:00,0.0012586,0.0012503,0.0012586,0.0012452,7273.57860124
2017-10-29 06:00:00,0.0012504,0.0012595,0.001269,0.0012447,7562.22049628
2017-10-29 05:00:00,0.0012713,0.0012558,0.0012753,0.0012489,4907.82266701
2017-10-29 04:00:00,0.001275,0.001273,0.001285,0.001267,15451.3951323
2017-10-29 03:00:00,0.0012646,0.001275,0.0012832,0.0012599,11728.8420634
2017-10-29 02:00:00,0.0012577,0.001265,0.001265,0.0012543,2544.67885263
2017-10-29 01:00:00,0.0012537,0.001257,0.001257,0.0012433,4515.35695349
2017-10-29 00:00:00,0.0012482,0.0012541,0.00126,0.0012402,20551.3768079
2017-10-28 23:00:00,0.0012481,0.0012525,0.0012579,0.0012402,5271.37862248
2017-10-28 22:00:00,0.0012715,0.0012481,0.0012737,0.001248,8830.78876785
2017-10-28 21:00:00,0.0012734,0.0012694,0.0012762,0.0012644,6430.30525462
2017-10-28 20:00:00,0.0012629,0.0012705,0.0012758,0.0012601,6727.31990046
2017-10-28 19:00:00,0.0012748,0.0012611,0.0012753,0.0012611,4853.19782936
2017-10-28 18:00:00,0.0012803,0.0012819,0.0012832,0.001272,4025.0927463
2017-10-28 17:00:00,0.0012789,0.0012803,0.0012836,0.0012756,3986.75088169
2017-10-28 16:00:00,0.001286,0.0012802,0.001287,0.00126,21582.0634831
2017-10-28 15:00:00,0.0012757,0.001287,0.001287,0.001272,7233.18860783
2017-10-28 14:00:00,0.001275,0.0012745,0.001283,0.001263,8466.53500732
2017-10-28 13:00:00,0.0012753,0.001275,0.0012816,0.001262,10533.3931172
2017-10-28 12:00:00,0.001285,0.0012773,0.001289,0.0012753,19529.458107
2017-10-28 11:00:00,0.0012969,0.001285,0.0012969,0.001285,14295.88973
2017-10-28 10:00:00,0.001296,0.0012947,0.001296,0.001283,1998.52965595
2017-10-28 09:00:00,0.0012891,0.001291,0.0012976,0.0012837,4047.83999865
2017-10-28 08:00:00,0.001283,0.001287,0.0012932,0.001283,942.02846686
2017-10-28 07:00:00,0.0012853,0.001283,0.0012945,0.0012805,6478.09224348
2017-10-28 06:00:00,0.0012918,0.001287,0.0012929,0.0012837,1734.63987658
2017-10-28 05:00:00,0.0012914,0.0012893,0.0012963,0.00128,14342.4380862
2017-10-28 04:00:00,0.0012911,0.0012897,0.001296,0.001284,6831.28040149
2017-10-28 03:00:00,0.0012843,0.0012911,0.0012965,0.0012836,32455.1199048
2017-10-28 02:00:00,0.0012937,0.0012843,0.0012997,0.0012811,13151.8042727
2017-10-28 01:00:00,0.0012866,0.0012937,0.0012982,0.0012687,5875.38392954
2017-10-28 00:00:00,0.0012939,0.0012753,0.001298,0.001265,9786.3652937
2017-10-27 23:00:00,0.0012932,0.0013,0.0013027,0.0012841,7692.37286728
2017-10-27 22:00:00,0.0013027,0.0012877,0.0013041,0.0012831,8067.57057852
2017-10-27 21:00:00,0.0013069,0.0013038,0.001314,0.0013004,3131.94677125
2017-10-27 20:00:00,0.0013173,0.0013069,0.0013244,0.0013048,3824.55537713
2017-10-27 19:00:00,0.0013266,0.0013185,0.0013313,0.0012967,8850.76150033
2017-10-27 18:00:00,0.0013464,0.0013265,0.0013792,0.001324,29269.3129987
2017-10-27 17:00:00,0.0013361,0.0013587,0.0013587,0.0013219,5726.46393685
2017-10-27 16:00:00,0.0013266,0.001335,0.0013385,0.0013177,6183.63976875
2017-10-27 15:00:00,0.001326,0.0013266,0.0013268,0.0013149,2684.45911665
2017-10-27 14:00:00,0.0013284,0.0013264,0.001335,0.001313,17049.0456859
2017-10-27 13:00:00,0.0013672,0.0013286,0.0013731,0.0013224,15844.9683147
2017-10-27 12:00:00,0.001375,0.0013677,0.0013799,0.0013614,8457.11801045
2017-10-27 11:00:00,0.0013793,0.001375,0.0013951,0.0013571,17714.7051831
2017-10-27 10:00:00,0.0013336,0.0013799,0.001397,0.0013336,82652.1677145
2017-10-27 09:00:00,0.0012975,0.0013336,0.0013336,0.0012936,6617.60162597
2017-10-27 08:00:00,0.001291,0.0013059,0.0013069,0.001289,1860.88557178
2017-10-27 07:00:00,0.0012979,0.0012944,0.0012994,0.0012824,1473.77837885
2017-10-27 06:00:00,0.0012849,0.0012903,0.001306,0.0012849,6505.68285952
2017-10-27 05:00:00,0.0012697,0.0012845,0.0012845,0.001269,6390.60057472
2017-10-27 04:00:00,0.0012866,0.001271,0.0012893,0.0012658,3421.6290452
2017-10-27 03:00:00,0.0012532,0.0012736,0.0012802,0.0012519,2486.31175059
2017-10-27 02:00:00,0.0012828,0.0012519,0.0013008,0.0012519,11946.3276314
2017-10-27 01:00:00,0.0012757,0.0012828,0.001287,0.0012743,3510.21709302
2017-10-27 00:00:00,0.0012896,0.0012763,0.0013117,0.0012763,14013.128197
2017-10-26 23:00:00,0.0013241,0.0012983,0.0013241,0.0012721,36717.5329178
2017-10-26 22:00:00,0.0013328,0.0013241,0.0013336,0.0013089,11835.28259
2017-10-26 21:00:00,0.0012892,0.001333,0.0013336,0.0012838,6174.43807385
2017-10-26 20:00:00,0.001282,0.0012941,0.0013204,0.0012804,14989.2662127
2017-10-26 19:00:00,0.0012795,0.001279,0.0012864,0.0012741,9127.03499464
2017-10-26 18:00:00,0.0012765,0.0012791,0.00129,0.0012604,14750.8832643
2017-10-26 17:00:00,0.001261,0.001282,0.0012865,0.0012561,10310.5635466
2017-10-26 16:00:00,0.001266,0.001261,0.0012695,0.0012566,7205.53429789
2017-10-26 15:00:00,0.0012823,0.00127,0.0012832,0.001265,11067.2444724
2017-10-26 14:00:00,0.0013094,0.0012778,0.0013096,0.0012772,3999.0525392
2017-10-26 13:00:00,0.0012809,0.0013084,0.0013117,0.001267,9769.43029749
2017-10-26 12:00:00,0.0013101,0.0012809,0.0013101,0.0012801,21628.0962019
2017-10-26 11:00:00,0.001345,0.00131,0.0013479,0.00131,13954.8995004
2017-10-26 10:00:00,0.0013499,0.0013487,0.0013552,0.001345,4775.681113
2017-10-26 09:00:00,0.001345,0.0013477,0.001359,0.001345,2645.18077248
2017-10-26 08:00:00,0.0013501,0.001345,0.0013543,0.001342,4900.53123735
2017-10-26 07:00:00,0.0013624,0.00135,0.001365,0.0013392,8688.46299374
2017-10-26 06:00:00,0.0013482,0.0013607,0.0013624,0.0013421,3333.77421795
2017-10-26 05:00:00,0.001349,0.0013475,0.0013564,0.0013351,2331.63383386
2017-10-26 04:00:00,0.00134,0.001349,0.001349,0.0013326,1148.00113705
2017-10-26 03:00:00,0.0013496,0.00134,0.0013566,0.0013306,3229.93236211
2017-10-26 02:00:00,0.0013521,0.0013418,0.0013571,0.0013366,2963.69109701
2017-10-26 01:00:00,0.001331,0.0013509,0.0013571,0.00133,15612.6473266
2017-10-26 00:00:00,0.00133,0.001333,0.0013488,0.001325,20750.7027795
2017-10-25 23:00:00,0.0013675,0.0013303,0.0013686,0.0013303,5444.40205442
2017-10-25 22:00:00,0.0013551,0.0013678,0.0013864,0.0013528,16283.0615554
2017-10-25 21:00:00,0.0013726,0.001355,0.0013726,0.001355,4584.17160388
2017-10-25 20:00:00,0.0014078,0.0013764,0.0014135,0.0013675,9704.88186208
2017-10-25 19:00:00,0.0014189,0.0014084,0.00142,0.0014011,4394.22120343
2017-10-25 18:00:00,0.001411,0.0014114,0.0014197,0.001403,2439.10463346
2017-10-25 17:00:00,0.0014051,0.0014129,0.0014152,0.0013905,3006.47713749
2017-10-25 16:00:00,0.0014122,0.0014051,0.0014193,0.0013923,5129.24930325
2017-10-25 15:00:00,0.0014181,0.0014199,0.0014285,0.001402,5147.53314444
2017-10-25 14:00:00,0.0014224,0.0014166,0.0014256,0.0013838,11208.3808189
2017-10-25 13:00:00,0.0014034,0.001417,0.001417,0.001394,2241.34383092
2017-10-25 12:00:00,0.001395,0.0014,0.0014249,0.001395,7218.24518594
2017-10-25 11:00:00,0.0013743,0.001395,0.001395,0.0013648,13087.9858158
2017-10-25 10:00:00,0.001371,0.0013751,0.0013837,0.0013611,10236.4082076
2017-10-25 09:00:00,0.001378,0.0013743,0.0013869,0.001374,4479.73594019
2017-10-25 08:00:00,0.0013861,0.0013845,0.0013861,0.001356,16897.5097652
2017-10-25 07:00:00,0.0014146,0.001385,0.0014146,0.001385,10624.9066111
2017-10-25 06:00:00,0.0014178,0.0014146,0.0014178,0.0014051,4116.2262218
2017-10-25 05:00:00,0.0014219,0.0014136,0.0014302,0.0014136,1974.71041439
2017-10-25 04:00:00,0.001414,0.001432,0.001432,0.0014081,8056.24288294
2017-10-25 03:00:00,0.001404,0.0014132,0.0014317,0.001402,5051.87908704
2017-10-25 02:00:00,0.0014345,0.001404,0.001459,0.0014038,19821.5210075
2017-10-25 01:00:00,0.001459,0.0014367,0.0014681,0.0014289,35370.2688173
2017-10-25 00:00:00,0.001475,0.001459,0.001475,0.001459,1298.186507
2017-10-24 23:00:00,0.001461,0.001475,0.001475,0.0014568,3201.72597273
2017-10-24 22:00:00,0.001475,0.0014542,0.001475,0.0014504,10713.3747441
2017-10-24 21:00:00,0.0014652,0.001475,0.001475,0.0014459,13100.5778145
2017-10-24 20:00:00,0.0014278,0.0014602,0.0014793,0.0014219,21319.4263294
2017-10-24 19:00:00,0.0014537,0.0014276,0.0014866,0.0014143,14136.1235522
2017-10-24 18:00:00,0.0014595,0.0014537,0.0014684,0.0014435,3509.33637343
2017-10-24 17:00:00,0.0014601,0.0014617,0.0014783,0.001413,26710.0631058
2017-10-24 16:00:00,0.0015077,0.001461,0.0015119,0.001461,22052.3879943
2017-10-24 15:00:00,0.0015452,0.0015004,0.0015452,0.0014912,17740.1525584
2017-10-24 14:00:00,0.0014918,0.001544,0.0015486,0.0014893,26002.8657127
2017-10-24 13:00:00,0.0014966,0.0014919,0.0015204,0.0014605,37804.3771062
2017-10-24 12:00:00,0.0014931,0.0014966,0.0015055,0.001476,7723.24393418
2017-10-24 11:00:00,0.0014903,0.0014932,0.001519,0.0014844,12541.1591576
2017-10-24 10:00:00,0.0015228,0.0014949,0.0015258,0.0014741,36643.7562919
2017-10-24 09:00:00,0.0014943,0.0015223,0.001539,0.0014943,46226.6436011
2017-10-24 08:00:00,0.0014601,0.0014943,0.001495,0.0014556,18327.1380726
2017-10-24 07:00:00,0.0014412,0.0014591,0.0014777,0.001441,19845.2882867
2017-10-24 06:00:00,0.0014538,0.001442,0.0014677,0.0014201,16363.9355568
2017-10-24 05:00:00,0.0015035,0.0014518,0.001504,0.0014511,29196.0809182
2017-10-24 04:00:00,0.0014614,0.001504,0.001515,0.0014614,38665.3737849
2017-10-24 03:00:00,0.0014761,0.0014659,0.0014871,0.0014204,26591.7927069
2017-10-24 02:00:00,0.0014454,0.0014771,0.00152,0.0014306,109807.886327
2017-10-24 01:00:00,0.0013,0.0014453,0.0014999,0.0012842,173305.041289
2017-10-24 00:00:00,0.0012985,0.0013,0.0013174,0.0012922,17456.3351885
2017-10-23 23:00:00,0.0012978,0.0012971,0.0013021,0.0012829,19265.8856651
2017-10-23 22:00:00,0.0012775,0.0012975,0.0013078,0.0012751,54787.1137314
2017-10-23 21:00:00,0.001265,0.0012737,0.0013087,0.001265,38208.3182545
2017-10-23 20:00:00,0.0012558,0.0012688,0.001269,0.0012522,11784.3266065
2017-10-23 19:00:00,0.0012676,0.0012558,0.001269,0.0012513,20580.5428664
2017-10-23 18:00:00,0.0012628,0.0012678,0.001268,0.0012575,13917.0141455
2017-10-23 17:00:00,0.00125,0.001263,0.001263,0.001249,6724.66693446
2017-10-23 16:00:00,0.0012539,0.00125,0.0012604,0.0012429,7767.15279479
2017-10-23 15:00:00,0.0012515,0.001252,0.0012619,0.0012495,7320.26403007
2017-10-23 14:00:00,0.0012517,0.0012524,0.0012604,0.001245,7281.14882735
2017-10-23 13:00:00,0.0012471,0.0012518,0.001265,0.0012379,31120.5956014
2017-10-23 12:00:00,0.0012349,0.0012489,0.0012567,0.0012321,20697.3593954
2017-10-23 11:00:00,0.001233,0.001239,0.001239,0.0012275,6302.55873757
2017-10-23 10:00:00,0.0012439,0.001233,0.001246,0.001228,9953.04219388
2017-10-23 09:00:00,0.0012601,0.0012431,0.0012642,0.001235,20627.7867728
2017-10-23 08:00:00,0.0012564,0.0012626,0.0012822,0.0012558,7996.22636514
2017-10-23 07:00:00,0.0012517,0.0012575,0.0012594,0.0012452,11319.2126384
2017-10-23 06:00:00,0.0012355,0.0012498,0.0012547,0.00123,8448.88942637
2017-10-23 05:00:00,0.0012321,0.0012282,0.0012459,0.00121,4334.5554175
2017-10-23 04:00:00,0.0012353,0.001234,0.001251,0.001234,4237.39274853
2017-10-23 03:00:00,0.0012484,0.0012401,0.0012573,0.0012325,43665.7948228
2017-10-23 02:00:00,0.0012646,0.0012484,0.0012717,0.0012484,5184.78017513
2017-10-23 01:00:00,0.0012756,0.0012611,0.0012803,0.0012611,3468.16851156
2017-10-23 00:00:00,0.0012786,0.0012773,0.0012875,0.0012738,5221.81275159
2017-10-22 23:00:00,0.0012937,0.0012834,0.0012937,0.001272,6040.49494233
2017-10-22 22:00:00,0.0013025,0.0012937,0.0013025,0.0012843,1612.44043345
2017-10-22 21:00:00,0.0012981,0.0012968,0.001309,0.0012881,3088.77167211
2017-10-22 20:00:00,0.0012982,0.0012996,0.0013119,0.0012829,12757.9822834
2017-10-22 19:00:00,0.0012791,0.0012983,0.001299,0.001272,3252.62185848
2017-10-22 18:00:00,0.0012803,0.001276,0.0012889,0.001273,7694.79672276
2017-10-22 17:00:00,0.0012797,0.0012785,0.0012886,0.0012673,9982.29323368
2017-10-22 16:00:00,0.0012751,0.0012846,0.001295,0.0012702,10338.2512455
2017-10-22 15:00:00,0.001287,0.0012775,0.0012897,0.0012575,6558.18661198
2017-10-22 14:00:00,0.001287,0.0012898,0.0013189,0.0012779,19278.2029655
2017-10-22 13:00:00,0.0012788,0.0012891,0.00131,0.001268,10207.0391181
2017-10-22 12:00:00,0.0012849,0.0012788,0.0012869,0.0012709,8797.13134042
2017-10-22 11:00:00,0.0013071,0.0012803,0.0013266,0.0012802,8510.21664804
2017-10-22 10:00:00,0.0013113,0.0013066,0.0013171,0.0012948,4489.40401355
2017-10-22 09:00:00,0.0012788,0.0013113,0.0013183,0.001278,12226.6261959
2017-10-22 08:00:00,0.0012711,0.00128,0.0012939,0.0012632,8661.55612946
2017-10-22 07:00:00,0.0012824,0.0012632,0.0012826,0.0012523,5469.74933752
2017-10-22 06:00:00,0.0012822,0.0012872,0.0013075,0.0012647,10788.7600278
2017-10-22 05:00:00,0.0013238,0.0012847,0.001333,0.0012692,19430.5093209
2017-10-22 04:00:00,0.0012726,0.0013287,0.0013346,0.0012726,29449.4270805
2017-10-22 03:00:00,0.0012607,0.0012733,0.0012733,0.0012411,10567.9144145
2017-10-22 02:00:00,0.0012602,0.0012605,0.00128,0.001246,10506.451682
2017-10-22 01:00:00,0.0012424,0.0012673,0.0012718,0.0012402,15487.2070129
2017-10-22 00:00:00,0.001227,0.0012457,0.001248,0.0012201,18258.2273712
2017-10-21 23:00:00,0.0012085,0.001227,0.0012299,0.001207,6856.28777539
2017-10-21 22:00:00,0.0012091,0.0012085,0.0012179,0.0012032,7899.99979746
2017-10-21 21:00:00,0.001197,0.0012093,0.001211,0.0011864,7516.88771876
2017-10-21 20:00:00,0.0011808,0.001197,0.0012082,0.0011808,31238.038826
2017-10-21 19:00:00,0.0011867,0.0011786,0.0011963,0.0011754,9750.25750921
2017-10-21 18:00:00,0.0012022,0.001189,0.0012068,0.00118,10820.4912723
2017-10-21 17:00:00,0.0011414,0.001209,0.0012437,0.0011414,35328.8234001
2017-10-21 16:00:00,0.0011513,0.0011443,0.0011538,0.0011241,30710.5275381
2017-10-21 15:00:00,0.0011581,0.0011513,0.0011647,0.0011404,18544.8262523
2017-10-21 14:00:00,0.0011603,0.001158,0.001163,0.0011301,47092.2701995
2017-10-21 13:00:00,0.0011735,0.0011604,0.0011735,0.0011604,8559.27991864
2017-10-21 12:00:00,0.0011891,0.0011733,0.001191,0.0011671,4801.25770662
2017-10-21 11:00:00,0.0011883,0.001199,0.0011999,0.0011849,7692.43573904
2017-10-21 10:00:00,0.0011921,0.0011848,0.0011995,0.0011772,18478.4617333
2017-10-21 09:00:00,0.001176,0.0011915,0.0011948,0.0011675,9759.8421159
2017-10-21 08:00:00,0.0011766,0.0011723,0.0011842,0.0011674,7893.56816786
2017-10-21 07:00:00,0.0011944,0.0011818,0.0011999,0.001175,5368.39877158
2017-10-21 06:00:00,0.0012204,0.0012008,0.0012288,0.0011843,12398.9488798
2017-10-21 05:00:00,0.0011969,0.00122,0.0012318,0.0011891,9450.67881121
2017-10-21 04:00:00,0.001178,0.0011975,0.0011982,0.001163,10417.7837883
2017-10-21 03:00:00,0.0011962,0.001176,0.0011962,0.0011752,10074.4434471
2017-10-21 02:00:00,0.0012029,0.0012006,0.0012111,0.0011952,6771.7444794
2017-10-21 01:00:00,0.0012244,0.0012056,0.001236,0.0012011,6579.80630598
2017-10-21 00:00:00,0.0012126,0.0012187,0.0012269,0.001209,6686.91060186
2017-10-20 23:00:00,0.0012186,0.0012116,0.001225,0.0012034,7067.05822283
2017-10-20 22:00:00,0.0012349,0.0012224,0.0012417,0.0012168,7141.40174259
2017-10-20 21:00:00,0.0012465,0.0012348,0.0012465,0.0012233,5527.32804448
2017-10-20 20:00:00,0.0012204,0.0012412,0.0012465,0.0011925,16519.1547568
2017-10-20 19:00:00,0.0012557,0.0012206,0.001256,0.0012205,16868.4798262
2017-10-20 18:00:00,0.001265,0.0012555,0.001276,0.001255,7703.62955267
2017-10-20 17:00:00,0.00125,0.001265,0.0012702,0.0012473,24119.0758187
2017-10-20 16:00:00,0.0012598,0.0012472,0.0012862,0.0012471,27379.8045054
2017-10-20 15:00:00,0.00129,0.0012599,0.0013103,0.0012557,119189.570169
2017-10-20 14:00:00,0.001345,0.0012909,0.0013515,0.0012775,29218.0658937
2017-10-20 13:00:00,0.0013599,0.0013452,0.00136,0.0013452,25303.2999968
2017-10-20 12:00:00,0.0013674,0.0013599,0.0013694,0.0013565,5808.31193801
2017-10-20 11:00:00,0.00136,0.0013695,0.0013697,0.001358,3566.1219554
2017-10-20 10:00:00,0.0013612,0.00136,0.0013644,0.0013582,633.56419489
2017-10-20 09:00:00,0.0013588,0.0013615,0.001368,0.001358,2575.42607008
2017-10-20 08:00:00,0.0013655,0.0013607,0.0013666,0.001357,1868.51975635
2017-10-20 07:00:00,0.0013695,0.0013681,0.00137,0.0013621,1962.63608262
2017-10-20 06:00:00,0.0013623,0.0013707,0.001374,0.0013555,5713.70556587
2017-10-20 05:00:00,0.0013695,0.0013681,0.001374,0.001326,51304.5508452
2017-10-20 04:00:00,0.001362,0.0013623,0.0013733,0.0013612,2539.7833512
2017-10-20 03:00:00,0.0013647,0.0013664,0.0013718,0.001362,1292.98248814
2017-10-20 02:00:00,0.0013714,0.0013678,0.0013769,0.001364,3965.69526708
2017-10-20 01:00:00,0.0013725,0.0013655,0.0013769,0.0013655,1634.08620578
2017-10-20 00:00:00,0.0013741,0.0013708,0.0013764,0.001362,7883.59343403
2017-10-19 23:00:00,0.0013701,0.0013741,0.0013767,0.001362,6134.70536131
2017-10-19 22:00:00,0.001367,0.0013758,0.0013769,0.0013619,2314.48530961
2017-10-19 21:00:00,0.0013734,0.0013628,0.0013756,0.00136,3012.81191795
2017-10-19 20:00:00,0.0013789,0.0013788,0.001379,0.0013695,2061.88413322
2017-10-19 19:00:00,0.0013749,0.001379,0.001379,0.0013683,2163.7117013
2017-10-19 18:00:00,0.0013649,0.0013754,0.001379,0.0013649,2972.4058866
2017-10-19 17:00:00,0.001365,0.0013648,0.0013682,0.001356,2572.80474325
2017-10-19 16:00:00,0.0013653,0.00137,0.001379,0.0013631,3307.4829613
2017-10-19 15:00:00,0.0013615,0.0013621,0.0013683,0.0013521,4622.08266471
2017-10-19 14:00:00,0.0013699,0.001361,0.0013788,0.0013599,7524.06933158
2017-10-19 13:00:00,0.0013799,0.00137,0.0013853,0.0013656,10106.9628974
2017-10-19 12:00:00,0.0013898,0.00138,0.0013954,0.0013782,3615.86091059
2017-10-19 11:00:00,0.0013986,0.001387,0.0014042,0.0013852,5146.56537326
2017-10-19 10:00:00,0.0014025,0.0014005,0.0014258,0.0013952,41441.8527089
2017-10-19 09:00:00,0.0014004,0.001396,0.0014097,0.001396,4990.05830101
2017-10-19 08:00:00,0.0014027,0.0014015,0.0014083,0.001396,2410.14177284
2017-10-19 07:00:00,0.001405,0.0014077,0.001411,0.001403,2243.33392482
2017-10-19 06:00:00,0.0014005,0.0014031,0.001405,0.0013941,685.39067851
2017-10-19 05:00:00,0.0014051,0.0014081,0.0014081,0.001392,2420.32047941
2017-10-19 04:00:00,0.0014051,0.0014051,0.0014089,0.001391,7880.5337954
2017-10-19 03:00:00,0.001406,0.0014005,0.0014133,0.0013982,1289.06810149
2017-10-19 02:00:00,0.0013871,0.0014015,0.0014121,0.0013871,2414.18473488
2017-10-19 01:00:00,0.0014022,0.0013875,0.0014114,0.001387,5877.50348598
2017-10-19 00:00:00,0.0013974,0.0014001,0.0014245,0.0013929,29999.5119763
2017-10-18 23:00:00,0.0014102,0.001396,0.0014117,0.0013919,18173.5061896
2017-10-18 22:00:00,0.0014225,0.0014107,0.0014269,0.0014102,3252.01609727
2017-10-18 21:00:00,0.0014386,0.0014216,0.0014386,0.001415,2709.9227412
2017-10-18 20:00:00,0.0014454,0.0014371,0.0014597,0.0014347,5471.5462443
2017-10-18 19:00:00,0.0014682,0.001447,0.0014769,0.0014281,7177.79927504
2017-10-18 18:00:00,0.0014552,0.0014683,0.0014723,0.0014472,4628.88416879
2017-10-18 17:00:00,0.0014468,0.0014553,0.0014553,0.001431,12105.0141697
2017-10-18 16:00:00,0.0014725,0.0014444,0.0014821,0.0014278,17598.327409
2017-10-18 15:00:00,0.0014718,0.0014817,0.0014958,0.0014698,5730.85135362
2017-10-18 14:00:00,0.0014859,0.0014798,0.0015065,0.0014632,14604.4435692
2017-10-18 13:00:00,0.001496,0.0014859,0.001499,0.0014716,13094.0963461
2017-10-18 12:00:00,0.001517,0.001497,0.0015268,0.0014761,16977.6911863
2017-10-18 11:00:00,0.0014739,0.0015146,0.0015281,0.0014739,44121.6411162
2017-10-18 10:00:00,0.0014568,0.0014739,0.001474,0.0014506,6760.26320573
2017-10-18 09:00:00,0.0014487,0.0014565,0.0014569,0.0014348,13637.6932897
2017-10-18 08:00:00,0.0014557,0.0014498,0.0014652,0.0014454,7731.1683463
2017-10-18 07:00:00,0.0014386,0.0014504,0.0014579,0.0014373,2051.22376422
2017-10-18 06:00:00,0.0014285,0.0014351,0.0014565,0.0014148,7798.5395269
2017-10-18 05:00:00,0.0014328,0.0014271,0.0014374,0.001418,2241.55908099
2017-10-18 04:00:00,0.0014221,0.0014361,0.0014369,0.0014198,6934.3407919
2017-10-18 03:00:00,0.0014299,0.0014263,0.0014378,0.0014218,3236.37207432
2017-10-18 02:00:00,0.0014308,0.0014298,0.0014396,0.0014246,2944.53357714
2017-10-18 01:00:00,0.0014125,0.0014307,0.0014309,0.0014063,4913.65372557
2017-10-18 00:00:00,0.0014253,0.0014145,0.0014296,0.0014101,2646.89452519
2017-10-17 23:00:00,0.0014273,0.0014254,0.0014463,0.001425,3347.40062088
2017-10-17 22:00:00,0.0014354,0.0014273,0.001449,0.0014273,3734.65818732
2017-10-17 21:00:00,0.0014439,0.0014422,0.0014479,0.0014239,3517.15077758
2017-10-17 20:00:00,0.00146,0.0014395,0.0014629,0.0014255,13806.6782591
2017-10-17 19:00:00,0.0014368,0.001456,0.0014561,0.0014256,19722.2619845
2017-10-17 18:00:00,0.0014507,0.0014368,0.001455,0.0014253,10662.6277219
2017-10-17 17:00:00,0.0014593,0.0014507,0.0014633,0.0014163,14146.7822865
2017-10-17 16:00:00,0.0014338,0.0014566,0.0014863,0.0014338,39197.1316573
2017-10-17 15:00:00,0.0014233,0.0014339,0.0014389,0.001412,12548.1372937
2017-10-17 14:00:00,0.001406,0.0014229,0.0014279,0.0013912,8171.41749512
2017-10-17 13:00:00,0.0014209,0.0014069,0.0014251,0.0013856,9697.52373776
2017-10-17 12:00:00,0.0013898,0.001421,0.0014403,0.0013841,36026.2045214
2017-10-17 11:00:00,0.0013685,0.00139,0.001401,0.0013685,5024.66493975
2017-10-17 10:00:00,0.0013745,0.0013698,0.001379,0.0013657,4801.47090376
2017-10-17 09:00:00,0.0013746,0.001376,0.0013813,0.0013671,6000.68707103
2017-10-17 08:00:00,0.001363,0.0013745,0.0013745,0.0013601,6379.27830697
2017-10-17 07:00:00,0.001367,0.0013622,0.0013676,0.0013561,5059.82857215
2017-10-17 06:00:00,0.001372,0.0013676,0.001375,0.0013564,2227.96182055
2017-10-17 05:00:00,0.0013676,0.0013697,0.001372,0.001357,2985.50044584
2017-10-17 04:00:00,0.0013675,0.0013569,0.00137,0.0013569,3271.70681194
2017-10-17 03:00:00,0.0013755,0.0013685,0.0013826,0.0013606,4728.41000845
2017-10-17 02:00:00,0.0013813,0.0013741,0.0013813,0.0013576,2543.28903486
2017-10-17 01:00:00,0.0013557,0.0013844,0.0013851,0.001352,7370.81942885
2017-10-17 00:00:00,0.0013578,0.0013558,0.0013754,0.0013507,2909.45863819
2017-10-16 23:00:00,0.001377,0.001355,0.0013821,0.0013508,6455.07565448
2017-10-16 22:00:00,0.0013679,0.001372,0.001377,0.00136,7233.30459172
2017-10-16 21:00:00,0.0013621,0.0013679,0.001377,0.0013621,806.31876916
2017-10-16 20:00:00,0.0013699,0.0013589,0.0013774,0.0013589,6658.90870566
2017-10-16 19:00:00,0.00137,0.0013706,0.0013783,0.0013625,5967.11198172
2017-10-16 18:00:00,0.001367,0.00137,0.0013786,0.0013655,1916.04550131
2017-10-16 17:00:00,0.0013603,0.0013656,0.0013775,0.0013603,2564.41791664
2017-10-16 16:00:00,0.0013584,0.0013612,0.0013786,0.0013506,7133.6868436
2017-10-16 15:00:00,0.0013664,0.0013523,0.0013758,0.0013501,6082.61623412
2017-10-16 14:00:00,0.00135,0.0013664,0.0013688,0.0013499,4011.12885624
2017-10-16 13:00:00,0.0013717,0.001353,0.0013784,0.00135,6377.23208365
2017-10-16 12:00:00,0.0013696,0.0013718,0.0013728,0.0013551,2938.38270833
2017-10-16 11:00:00,0.0013724,0.0013696,0.0013819,0.0013601,2328.36908344
2017-10-16 10:00:00,0.0013877,0.0013701,0.0013916,0.001356,4749.09228084
2017-10-16 09:00:00,0.0013542,0.0013872,0.0013942,0.001354,5708.08497722
2017-10-16 08:00:00,0.0013681,0.001354,0.0013787,0.001354,27303.9202552
2017-10-16 07:00:00,0.0013822,0.0013687,0.0013858,0.001368,7972.69499043
2017-10-16 06:00:00,0.0013834,0.0013819,0.0013975,0.001375,5187.50684918
2017-10-16 05:00:00,0.0013874,0.0013847,0.0013889,0.0013689,6361.62443186
2017-10-16 04:00:00,0.0013866,0.0013874,0.0013996,0.001368,8955.14251712
2017-10-16 03:00:00,0.0013882,0.0013851,0.0014073,0.001385,6929.87367331
2017-10-16 02:00:00,0.001413,0.0013932,0.0014139,0.0013858,3699.8497928
2017-10-16 01:00:00,0.001412,0.00141,0.0014208,0.0013991,2988.99538728
2017-10-16 00:00:00,0.0013969,0.0014134,0.0014216,0.0013955,2184.95437951
2017-10-15 23:00:00,0.0014031,0.0013969,0.001416,0.0013852,8930.06142146
2017-10-15 22:00:00,0.001429,0.0014118,0.0014428,0.0013901,7387.16146825
2017-10-15 21:00:00,0.0014667,0.001429,0.0014795,0.0014203,7858.52243003
2017-10-15 20:00:00,0.0014741,0.001463,0.0015,0.0014544,8605.15839494
2017-10-15 19:00:00,0.0014386,0.0014729,0.0014954,0.0014303,7853.90478782
2017-10-15 18:00:00,0.0014005,0.0014386,0.001455,0.0014001,11525.465293
2017-10-15 17:00:00,0.001412,0.0014001,0.001412,0.001389,4906.32834505
2017-10-15 16:00:00,0.0014028,0.0014137,0.0014197,0.00139,10779.9423374
2017-10-15 15:00:00,0.001378,0.001402,0.0014036,0.0013671,7792.41516705
2017-10-15 14:00:00,0.0013907,0.001378,0.0013997,0.0013672,5686.38369059
2017-10-15 13:00:00,0.0014164,0.0013906,0.0014191,0.0013779,19461.3835824
2017-10-15 12:00:00,0.0014254,0.0014209,0.0014298,0.0014041,7138.50609836
2017-10-15 11:00:00,0.001419,0.001426,0.0014275,0.001402,11101.7575658
2017-10-15 10:00:00,0.0014167,0.0014159,0.0014359,0.0014137,24748.766579
2017-10-15 09:00:00,0.0014039,0.0014167,0.0014459,0.0014019,15434.992477
2017-10-15 08:00:00,0.0013782,0.0014145,0.00143,0.0013782,44332.8705966
2017-10-15 07:00:00,0.0013807,0.0013724,0.001383,0.0013658,14100.4664749
2017-10-15 06:00:00,0.0013648,0.0013824,0.0013831,0.0013501,7855.25046966
2017-10-15 05:00:00,0.0013744,0.0013655,0.0013922,0.001361,9078.24868607
2017-10-15 04:00:00,0.00135,0.0013677,0.0013678,0.0013485,5591.06746891
2017-10-15 03:00:00,0.0013321,0.0013462,0.00135,0.0013256,11488.9300493
2017-10-15 02:00:00,0.0013481,0.0013344,0.0013603,0.0013201,9490.59345833
2017-10-15 01:00:00,0.0013553,0.0013436,0.0013635,0.0013412,9132.79343278
2017-10-15 00:00:00,0.0013837,0.0013543,0.0013837,0.001335,46248.4683083
2017-10-14 23:00:00,0.001394,0.001378,0.0013987,0.0013621,7368.9788052
2017-10-14 22:00:00,0.0014117,0.001394,0.0014145,0.001381,8222.06381648
2017-10-14 21:00:00,0.0014189,0.0014168,0.0014248,0.001406,2765.98893628
2017-10-14 20:00:00,0.0014133,0.0014161,0.0014279,0.0014086,2502.04805488
2017-10-14 19:00:00,0.0014143,0.0014229,0.0014289,0.0014087,5838.19226297
2017-10-14 18:00:00,0.0014097,0.0014074,0.00143,0.0014031,12279.4472516
2017-10-14 17:00:00,0.0014084,0.0014052,0.0014351,0.0014,40406.6480977
2017-10-14 16:00:00,0.0014316,0.0014155,0.0014358,0.0014035,6780.83251982
2017-10-14 15:00:00,0.0014102,0.0014317,0.0014319,0.0014051,9395.633471
2017-10-14 14:00:00,0.001416,0.00141,0.0014208,0.00141,3651.39831159
2017-10-14 13:00:00,0.0014277,0.0014159,0.0014277,0.001414,2775.30565228
2017-10-14 12:00:00,0.0014317,0.0014275,0.0014375,0.0014125,3295.06795311
2017-10-14 11:00:00,0.0014501,0.0014297,0.0014522,0.00141,20266.1238213
2017-10-14 10:00:00,0.0014659,0.0014549,0.0014688,0.0014547,3623.00516314
2017-10-14 09:00:00,0.0014727,0.001465,0.0014727,0.0014368,29038.7980918
2017-10-14 08:00:00,0.001462,0.0014748,0.00148,0.001461,4754.14904139
2017-10-14 07:00:00,0.001466,0.0014576,0.0014776,0.0014576,6746.72019331
2017-10-14 06:00:00,0.0014633,0.0014667,0.0014887,0.0014507,7000.91140371
2017-10-14 05:00:00,0.0014517,0.0014633,0.0014958,0.0014482,7590.00210747
2017-10-14 04:00:00,0.001444,0.0014439,0.0014475,0.001425,11191.4699323
2017-10-14 03:00:00,0.0014564,0.001444,0.001461,0.001444,3132.53587303
2017-10-14 02:00:00,0.0014596,0.0014567,0.0014668,0.0014451,6155.00235145
2017-10-14 01:00:00,0.0014643,0.0014596,0.0014789,0.001456,3746.59430708
2017-10-14 00:00:00,0.0014693,0.0014654,0.0014714,0.0014606,1863.24153383
2017-10-13 23:00:00,0.0014834,0.001475,0.001502,0.0014633,9707.52237509
2017-10-13 22:00:00,0.0014788,0.0014789,0.0015304,0.0014702,30509.5011637
2017-10-13 21:00:00,0.0014712,0.0014788,0.0014845,0.0014547,8091.92171745
2017-10-13 20:00:00,0.0014997,0.001469,0.0015068,0.001463,9167.09859528
2017-10-13 19:00:00,0.0014582,0.0014997,0.0015337,0.0014554,23459.6497373
2017-10-13 18:00:00,0.0014397,0.0014567,0.00146,0.0014215,3997.03919693
2017-10-13 17:00:00,0.0014345,0.001439,0.001439,0.0014021,5671.75235638
2017-10-13 16:00:00,0.001418,0.0014177,0.0014351,0.0014056,5865.67370276
2017-10-13 15:00:00,0.0014167,0.0014225,0.0014596,0.0014032,6660.75555088
2017-10-13 14:00:00,0.0014502,0.0014186,0.0014574,0.001391,27165.9791334
2017-10-13 13:00:00,0.0015229,0.0014591,0.0015229,0.0014591,12692.0200081
2017-10-13 12:00:00,0.0014899,0.0015139,0.0015334,0.0014862,12872.4463534
2017-10-13 11:00:00,0.0014832,0.0014899,0.0015084,0.0014832,8927.89901152
2017-10-13 10:00:00,0.0014636,0.0014721,0.0014859,0.0014496,12556.9205134
2017-10-13 09:00:00,0.0014694,0.0014699,0.0014717,0.0014533,4542.0039322
2017-10-13 08:00:00,0.0015251,0.0014717,0.0015301,0.00145,15538.1731052
2017-10-13 07:00:00,0.0015459,0.0015205,0.0015567,0.0015,12415.4354249
2017-10-13 06:00:00,0.001549,0.0015459,0.0015646,0.001509,18567.1732932
2017-10-13 05:00:00,0.0014206,0.001549,0.00155,0.0014115,88708.9269628
2017-10-13 04:00:00,0.0014369,0.0014205,0.0014386,0.0014101,14569.841557
2017-10-13 03:00:00,0.0014329,0.0014251,0.0015098,0.001422,29095.2093627
2017-10-13 02:00:00,0.001486,0.0014331,0.0014992,0.0013759,70572.6072734
2017-10-13 01:00:00,0.0015128,0.0014958,0.001545,0.001486,16785.3296287
2017-10-13 00:00:00,0.001509,0.0015051,0.001537,0.001486,20850.5870955
2017-10-12 23:00:00,0.0015705,0.001509,0.0015707,0.0015,28666.3376901
2017-10-12 22:00:00,0.0015898,0.0015728,0.0016127,0.0015705,15604.8354688
2017-10-12 21:00:00,0.0015694,0.0015898,0.0016,0.0015694,8786.64110055
2017-10-12 20:00:00,0.0015455,0.0015556,0.0015736,0.0015111,18273.2611155
2017-10-12 19:00:00,0.0015678,0.0015455,0.0015761,0.0015087,40994.9282577
2017-10-12 18:00:00,0.0016,0.0015641,0.0016,0.0015582,18343.9154557
2017-10-12 17:00:00,0.001571,0.001595,0.0015952,0.0015603,20856.2657879
2017-10-12 16:00:00,0.0015809,0.0015699,0.0016185,0.0015555,30358.3861226
2017-10-12 15:00:00,0.0016509,0.0015801,0.0016509,0.0015701,31644.912344
2017-10-12 14:00:00,0.0016643,0.0016549,0.001666,0.0016391,4784.91739312
2017-10-12 13:00:00,0.0016478,0.0016643,0.0016683,0.0016216,12596.5944185
2017-10-12 12:00:00,0.001649,0.001648,0.001663,0.0016193,25384.027193
2017-10-12 11:00:00,0.00164,0.0016327,0.0016559,0.0015864,30723.5993398
2017-10-12 10:00:00,0.0016759,0.00164,0.001711,0.0016322,18024.0033571
2017-10-12 09:00:00,0.0016656,0.0016756,0.001703,0.0016053,43465.3735289
2017-10-12 08:00:00,0.001673,0.0016814,0.001704,0.0015748,87931.1445362
2017-10-12 07:00:00,0.00171,0.0016643,0.0017534,0.0016422,67890.0305997
2017-10-12 06:00:00,0.0017727,0.0017097,0.0018213,0.0017097,66109.536346
2017-10-12 05:00:00,0.0018166,0.001767,0.0018556,0.001767,38471.3850791
2017-10-12 04:00:00,0.0018631,0.001817,0.001881,0.0018166,14753.2987185
2017-10-12 03:00:00,0.0019222,0.0018609,0.0019305,0.0018386,26307.8672515
2017-10-12 02:00:00,0.0019258,0.0019299,0.0019718,0.001918,24234.3662568
2017-10-12 01:00:00,0.0019148,0.0019241,0.0019285,0.0019038,3381.48507189
2017-10-12 00:00:00,0.0019253,0.0019147,0.0019286,0.0019001,5078.36946926
2017-10-11 23:00:00,0.0019365,0.0019272,0.0019435,0.0018907,4990.82907952
2017-10-11 22:00:00,0.0018668,0.0019313,0.001958,0.0018462,24946.0137833
2017-10-11 21:00:00,0.0018828,0.0018601,0.001888,0.0018601,7075.40984493
2017-10-11 20:00:00,0.0018759,0.001879,0.0018883,0.001868,26640.2903575
2017-10-11 19:00:00,0.0018842,0.0018674,0.0018916,0.0018651,16557.6383912
2017-10-11 18:00:00,0.00189,0.0018847,0.0018949,0.001861,29424.5354087
2017-10-11 17:00:00,0.001865,0.00189,0.0018999,0.001855,7145.09601162
2017-10-11 16:00:00,0.0018758,0.001865,0.0018862,0.001865,11707.9614298
2017-10-11 15:00:00,0.0018786,0.0018702,0.0018913,0.0018616,14207.9473318
2017-10-11 14:00:00,0.001858,0.0018862,0.0019045,0.0018438,16021.6745519
2017-10-11 13:00:00,0.001888,0.0018547,0.001892,0.0018478,6797.78871084
2017-10-11 12:00:00,0.0018812,0.0018816,0.001897,0.0018711,7438.10320992
2017-10-11 11:00:00,0.00184,0.0018755,0.0018865,0.0018181,37746.1810582
2017-10-11 10:00:00,0.0018261,0.00184,0.001846,0.0018181,33001.0125736
2017-10-11 09:00:00,0.0018825,0.0018252,0.0018825,0.0018252,30187.0800258
2017-10-11 08:00:00,0.0018539,0.0018825,0.0018906,0.0018516,15845.5800732
2017-10-11 07:00:00,0.001914,0.0018539,0.0019426,0.0018509,39651.4969345
2017-10-11 06:00:00,0.0018999,0.0019071,0.001965,0.001881,43360.4326667
2017-10-11 05:00:00,0.00185,0.0019017,0.001911,0.001838,42704.0338778
2017-10-11 04:00:00,0.001815,0.0018376,0.0019911,0.00181,105837.978643
2017-10-11 03:00:00,0.0017289,0.001818,0.0018394,0.001726,39092.8972428
2017-10-11 02:00:00,0.0017151,0.0017358,0.0017358,0.00171,5120.16537245
2017-10-11 01:00:00,0.00174,0.001721,0.0017691,0.0017151,8465.47449582
2017-10-11 00:00:00,0.0017023,0.0017404,0.0017497,0.0017023,8378.07495696
2017-10-10 23:00:00,0.001729,0.0017023,0.0017443,0.0016923,5154.31044223
2017-10-10 22:00:00,0.0017314,0.0017291,0.0017599,0.0017141,21551.8939143
2017-10-10 21:00:00,0.0016705,0.0017318,0.0017326,0.0016693,27953.0920348
2017-10-10 20:00:00,0.0016438,0.001676,0.001676,0.0016408,7830.2184068
2017-10-10 19:00:00,0.0016078,0.00165,0.0016709,0.0016078,14561.8432046
2017-10-10 18:00:00,0.00162,0.0016078,0.00162,0.0015801,6970.95799253
2017-10-10 17:00:00,0.0016203,0.0016205,0.0016372,0.0015717,12807.3765238
2017-10-10 16:00:00,0.0016068,0.0016211,0.0016538,0.001605,5495.86602825
2017-10-10 15:00:00,0.0016157,0.001606,0.0016363,0.0015908,5769.18474746
2017-10-10 14:00:00,0.001658,0.0016161,0.0016659,0.0015874,10653.1580064
2017-10-10 13:00:00,0.0016599,0.001658,0.0016781,0.0016207,24279.2606318
2017-10-10 12:00:00,0.0016749,0.00166,0.0016776,0.0016551,3924.72839796
2017-10-10 11:00:00,0.001665,0.001668,0.0016914,0.0016527,12466.9580504
2017-10-10 10:00:00,0.0016666,0.001665,0.00169,0.001665,2457.93756415
2017-10-10 09:00:00,0.001668,0.0016644,0.0016901,0.00164,7619.8051337
2017-10-10 08:00:00,0.0016425,0.001668,0.0016888,0.0016385,17197.6331896
2017-10-10 07:00:00,0.0016017,0.001642,0.001642,0.0015976,6110.29535389
2017-10-10 06:00:00,0.001598,0.0016019,0.0016091,0.001578,3661.05662214
2017-10-10 05:00:00,0.0016328,0.00159,0.0016661,0.0015796,19465.9255738
2017-10-10 04:00:00,0.0015831,0.001632,0.0016437,0.0015831,13498.0068298
2017-10-10 03:00:00,0.0015713,0.0015831,0.0015831,0.0015604,9379.40980361
2017-10-10 02:00:00,0.00154,0.001574,0.0015829,0.0015211,21763.1585338
2017-10-10 01:00:00,0.001503,0.0015379,0.0015379,0.0014882,8954.17477494
2017-10-10 00:00:00,0.0015748,0.0015115,0.0015748,0.0015028,15141.223961
2017-10-09 23:00:00,0.0015928,0.0015564,0.001616,0.0015561,12037.0388634
2017-10-09 22:00:00,0.0015845,0.0015928,0.0016021,0.0015277,5047.49234329
2017-10-09 21:00:00,0.001483,0.0015845,0.0015875,0.0014829,11492.8241101
2017-10-09 20:00:00,0.00151,0.0014828,0.001565,0.0014821,23968.4374257
2017-10-09 19:00:00,0.00155,0.0015033,0.0015503,0.0014369,43823.3634044
2017-10-09 18:00:00,0.0016423,0.00155,0.001643,0.00155,26179.3858607
2017-10-09 17:00:00,0.001679,0.0016423,0.001688,0.0016375,30626.7255691
2017-10-09 16:00:00,0.0016774,0.0016793,0.0016899,0.0016654,6503.22940091
2017-10-09 15:00:00,0.0016644,0.0016797,0.0016797,0.0016368,19165.9750604
2017-10-09 14:00:00,0.0017289,0.0016604,0.0017496,0.0016437,31938.1498631
2017-10-09 13:00:00,0.001706,0.0017264,0.0017292,0.0017005,6044.92216064
2017-10-09 12:00:00,0.0017059,0.0017,0.00175,0.0017,6737.12199123
2017-10-09 11:00:00,0.0016718,0.0017001,0.0017029,0.0016678,2820.50324576
2017-10-09 10:00:00,0.0017077,0.001671,0.0017186,0.00167,5868.59128351
2017-10-09 09:00:00,0.0017134,0.0017126,0.0017672,0.0016951,11047.0735999
2017-10-09 08:00:00,0.0016254,0.0017131,0.0017131,0.0016201,14958.6296771
2017-10-09 07:00:00,0.0016638,0.0016256,0.0016757,0.0016161,10434.9889607
2017-10-09 06:00:00,0.0016779,0.0016699,0.0016791,0.0016133,10535.8867772
2017-10-09 05:00:00,0.0016169,0.0016545,0.0016696,0.0016037,15403.5962483
2017-10-09 04:00:00,0.001604,0.0016169,0.0016347,0.0016,22029.2871287
2017-10-09 03:00:00,0.0016926,0.001605,0.0016999,0.0016042,14721.7183743
2017-10-09 02:00:00,0.0016759,0.0016859,0.001695,0.0016661,5572.49663009
2017-10-09 01:00:00,0.0016906,0.0016611,0.0017072,0.0016611,5853.16229458
2017-10-09 00:00:00,0.0016723,0.0017021,0.0017021,0.0016398,19847.2007041
2017-10-08 23:00:00,0.001719,0.0016722,0.0017534,0.0016632,19114.1041447
2017-10-08 22:00:00,0.0017004,0.0017306,0.0017306,0.0016447,20643.1145159
