MTS,OPEN,CLOSE,HIGH,LOW,VOLUME
2017-11-19 12:00:00,0.0010307,0.0010345,0.00104,0.0010253,9250.43917914
2017-11-19 09:00:00,0.0010427,0.0010309,0.0010494,0.0010187,23509.8868994
2017-11-19 06:00:00,0.001052,0.0010427,0.0010709,0.0010298,67660.1098823
2017-11-19 03:00:00,0.0010298,0.001051,0.001051,0.0010272,9829.32110404
2017-11-19 00:00:00,0.0010219,0.0010324,0.0010441,0.0010183,19245.2834795
2017-11-18 21:00:00,0.0010514,0.001016,0.0010514,0.0010089,44727.9410117
2017-11-18 18:00:00,0.0010399,0.0010529,0.0010636,0.0010356,16087.4330808
2017-11-18 15:00:00,0.001063,0.00104,0.0010993,0.0010352,75589.96962
2017-11-18 12:00:00,0.001056,0.001063,0.0011349,0.001038,131037.780711
2017-11-18 09:00:00,0.0010326,0.001056,0.00107,0.0010133,88582.5417465
2017-11-18 06:00:00,0.0010011,0.0010311,0.0010518,0.000986,38093.1665228
2017-11-18 03:00:00,0.0010018,0.00099774,0.0010064,0.000975,25640.0141126
2017-11-18 00:00:00,0.0009983,0.0010025,0.0010273,0.00099032,41377.6450645
2017-11-17 21:00:00,0.00097507,0.00099231,0.001,0.0009444,58495.5224853
2017-11-17 18:00:00,0.00093491,0.000975,0.0010147,0.00093315,79783.5778613
2017-11-17 15:00:00,0.000916,0.0009325,0.00093446,0.00091206,11942.5701159
2017-11-17 12:00:00,0.00093299,0.0009164,0.00093961,0.00090973,33967.3570378
2017-11-17 09:00:00,0.00092747,0.000933,0.0009409,0.00092372,13798.8306862
2017-11-17 06:00:00,0.00092202,0.0009316,0.00096151,0.0009196,31701.9673236
2017-11-17 03:00:00,0.0009158,0.0009264,0.00092704,0.00089833,16730.1583736
2017-11-17 00:00:00,0.00091214,0.00091952,0.00092669,0.00088854,36856.174652
2017-11-16 21:00:00,0.000945,0.00091213,0.00094814,0.0009005,59759.4312805
2017-11-16 18:00:00,0.00096681,0.000945,0.00096681,0.0009304,34154.9200291
2017-11-16 15:00:00,0.00097934,0.0009664,0.0009999,0.00096265,8619.43805388
2017-11-16 12:00:00,0.0010031,0.00097934,0.0010073,0.0009793,15243.2972411
2017-11-16 09:00:00,0.0010003,0.001003,0.0010067,0.00097,64619.7355596
2017-11-16 06:00:00,0.001057,0.0010003,0.0010625,0.0010003,61368.6994262
2017-11-16 03:00:00,0.0010599,0.0010548,0.0010629,0.001045,11280.1715316
2017-11-16 00:00:00,0.0010627,0.0010593,0.001067,0.001045,15133.8239593
2017-11-15 21:00:00,0.0010567,0.0010622,0.00107,0.0010445,25780.7369266
2017-11-15 18:00:00,0.0010521,0.0010562,0.0010748,0.0010332,29840.4631109
2017-11-15 15:00:00,0.0010532,0.0010522,0.0010533,0.0010063,42377.6434673
2017-11-15 12:00:00,0.001112,0.0010494,0.001112,0.0010446,112546.488263
2017-11-15 09:00:00,0.0011486,0.0011121,0.00115,0.0011121,25100.0259674
2017-11-15 06:00:00,0.0011685,0.00115,0.0011749,0.0011388,18842.9662462
2017-11-15 03:00:00,0.0011398,0.0011701,0.0011704,0.0011317,25418.1816275
2017-11-15 00:00:00,0.001195,0.0011375,0.0011953,0.0011327,27013.8154004
2017-11-14 21:00:00,0.0011731,0.0011914,0.0011979,0.0011554,30585.9705935
2017-11-14 18:00:00,0.0011563,0.001175,0.001175,0.0011503,26953.9485293
2017-11-14 15:00:00,0.0011626,0.0011563,0.0011734,0.0011468,20199.8242372
2017-11-14 12:00:00,0.0011429,0.0011617,0.0011797,0.0011312,70406.4580242
2017-11-14 09:00:00,0.0011451,0.0011436,0.001155,0.0011343,18560.4425409
2017-11-14 06:00:00,0.0011309,0.00115,0.001155,0.0011276,29159.2952987
2017-11-14 03:00:00,0.0011299,0.0011387,0.0011435,0.001121,27138.4073639
2017-11-14 00:00:00,0.0011642,0.0011245,0.0011667,0.001119,29544.0768833
2017-11-13 21:00:00,0.0011601,0.0011645,0.0011699,0.001132,27839.1754436
2017-11-13 18:00:00,0.0011486,0.0011611,0.0011628,0.0011126,49620.464028
2017-11-13 15:00:00,0.0011597,0.0011461,0.0011684,0.0011234,55598.1084782
2017-11-13 12:00:00,0.0011708,0.0011597,0.0011783,0.0011061,61464.9938985
2017-11-13 09:00:00,0.0011963,0.001168,0.0012328,0.0011561,68310.3181152
2017-11-13 06:00:00,0.0011329,0.0011877,0.00123,0.0011307,57733.0255522
2017-11-13 03:00:00,0.0011795,0.0011329,0.0012349,0.0011293,113238.203362
2017-11-13 00:00:00,0.0011287,0.001179,0.001179,0.001117,29306.4680133
2017-11-12 21:00:00,0.0011291,0.001123,0.0011586,0.001113,41534.411558
2017-11-12 18:00:00,0.0011283,0.0011243,0.0011346,0.0011074,27947.6411012
2017-11-12 15:00:00,0.001097,0.0011341,0.0011342,0.001081,43814.848439
2017-11-12 12:00:00,0.001066,0.0010969,0.00112,0.0010632,51378.7650469
2017-11-12 09:00:00,0.0010704,0.0010624,0.0011172,0.0010546,52909.0443054
2017-11-12 06:00:00,0.0011098,0.0010715,0.0011598,0.0010701,177226.956434
2017-11-12 03:00:00,0.0011473,0.0011098,0.001149,0.0011054,55064.6045744
2017-11-12 00:00:00,0.0011536,0.0011473,0.00116,0.0011353,55046.2132065
2017-11-11 21:00:00,0.0011525,0.0011482,0.0011569,0.0011173,34296.7519431
2017-11-11 18:00:00,0.0011281,0.001151,0.001159,0.0011281,73251.9636998
2017-11-11 15:00:00,0.001111,0.0011281,0.0011316,0.00109,47451.7273256
2017-11-11 12:00:00,0.0011237,0.0011139,0.0011392,0.0010825,40445.8184443
2017-11-11 09:00:00,0.0010885,0.001118,0.0011488,0.0010835,90299.5474748
2017-11-11 06:00:00,0.00106,0.001089,0.0011093,0.0010577,19915.4122735
2017-11-11 03:00:00,0.0010698,0.0010578,0.0010702,0.00105,28313.3936361
2017-11-11 00:00:00,0.0010674,0.0010768,0.0010782,0.0010548,11835.3897204
2017-11-10 21:00:00,0.0010604,0.0010653,0.0010995,0.0010543,43172.8161803
2017-11-10 18:00:00,0.0010532,0.0010609,0.0010736,0.0010273,60193.425884
2017-11-10 15:00:00,0.001062,0.00105,0.0010903,0.0010495,35983.7562084
2017-11-10 12:00:00,0.001099,0.0010565,0.0011149,0.0010565,72222.2697502
2017-11-10 09:00:00,0.001095,0.001099,0.0011283,0.0010712,93284.8877462
2017-11-10 06:00:00,0.0010561,0.0010952,0.0010982,0.001037,118489.761327
2017-11-10 03:00:00,0.0010998,0.0010542,0.0010998,0.001051,108662.003767
2017-11-10 00:00:00,0.0011253,0.0010957,0.0011328,0.0010863,35064.8204142
2017-11-09 21:00:00,0.0011446,0.001126,0.0011502,0.0010901,69823.0649815
2017-11-09 18:00:00,0.0011701,0.0011522,0.0011784,0.0011278,56834.3367175
2017-11-09 15:00:00,0.0011307,0.0011708,0.001183,0.0011247,61385.2028647
2017-11-09 12:00:00,0.0011541,0.0011306,0.0012,0.0011087,115061.889219
2017-11-09 09:00:00,0.0011,0.0011485,0.0011709,0.0010999,89123.9754422
2017-11-09 06:00:00,0.0011089,0.0011042,0.0011323,0.0010871,82233.149129
2017-11-09 03:00:00,0.0010594,0.0011096,0.001114,0.0010531,62174.8755963
2017-11-09 00:00:00,0.0010227,0.0010609,0.00109,0.0010198,106461.449972
2017-11-08 21:00:00,0.0010835,0.0010245,0.00112,0.00098502,293366.402855
2017-11-08 18:00:00,0.0010004,0.0010834,0.0011199,0.000947,525020.171205
2017-11-08 15:00:00,0.0008834,0.0010004,0.0010219,0.00086093,135189.443192
2017-11-08 12:00:00,0.0008809,0.0008816,0.000894,0.00087169,92276.9852981
2017-11-08 09:00:00,0.00087581,0.00088221,0.00090295,0.0008716,27273.1139126
2017-11-08 06:00:00,0.00087,0.00087582,0.00087689,0.0008628,6911.85046879
2017-11-08 03:00:00,0.00087052,0.0008701,0.00088789,0.0008654,12706.8034878
2017-11-08 00:00:00,0.00089149,0.00087375,0.0008967,0.0008642,29709.548683
2017-11-07 21:00:00,0.000889,0.00088739,0.000901,0.0008801,21652.1874579
2017-11-07 18:00:00,0.00089402,0.00088868,0.00089681,0.0008767,30665.9545825
2017-11-07 15:00:00,0.00089165,0.00089403,0.00090154,0.00087032,105419.056934
2017-11-07 12:00:00,0.00092108,0.0008919,0.00092109,0.00088154,48248.8688066
2017-11-07 09:00:00,0.0009128,0.0009207,0.00092989,0.00091001,26357.7918803
2017-11-07 06:00:00,0.0009111,0.0009141,0.0009401,0.00090771,9329.01360905
2017-11-07 03:00:00,0.00092865,0.000915,0.0009376,0.00090302,18295.7577404
2017-11-07 00:00:00,0.00093379,0.0009325,0.000944,0.0009087,22190.4601299
2017-11-06 21:00:00,0.00091866,0.00094136,0.00094958,0.0009023,80684.3070219
2017-11-06 18:00:00,0.000899,0.00092462,0.00096744,0.0008925,118392.847064
2017-11-06 15:00:00,0.0008724,0.0008994,0.0009046,0.0008699,50188.2352018
2017-11-06 12:00:00,0.00086651,0.00087012,0.00087414,0.0008518,21677.6006371
2017-11-06 09:00:00,0.0008498,0.00086963,0.00086963,0.00084812,15719.7833551
2017-11-06 06:00:00,0.00086782,0.00084964,0.00087437,0.00084457,19645.8487884
2017-11-06 03:00:00,0.00084743,0.00086714,0.00089989,0.00084743,96211.4461103
2017-11-06 00:00:00,0.00084622,0.00084721,0.0008598,0.00084031,24549.8055684
2017-11-05 21:00:00,0.00081941,0.00084906,0.0008759,0.00081941,53928.4074627
2017-11-05 18:00:00,0.00083039,0.00082139,0.00083297,0.0008144,20749.0417947
2017-11-05 15:00:00,0.00083045,0.0008304,0.00083597,0.0008233,28259.1950482
2017-11-05 12:00:00,0.000844,0.0008318,0.000862,0.000823,42856.8908345
2017-11-05 09:00:00,0.000861,0.000844,0.00086724,0.00084051,25062.8826651
2017-11-05 06:00:00,0.0008621,0.00086061,0.00087374,0.0008582,10834.7560527
2017-11-05 03:00:00,0.0008768,0.000862,0.00088102,0.00085889,8300.04690906
2017-11-05 00:00:00,0.0008754,0.00087639,0.0008889,0.00086469,17069.9348497
2017-11-04 21:00:00,0.0008584,0.000875,0.00088608,0.0008516,20523.8464862
2017-11-04 18:00:00,0.0008739,0.00085849,0.000882,0.00085421,29218.2864764
2017-11-04 15:00:00,0.0008941,0.00087283,0.0009079,0.00086569,99484.9107208
2017-11-04 12:00:00,0.0009286,0.0008923,0.00093369,0.00088597,38350.2615186
2017-11-04 09:00:00,0.00094,0.00093415,0.000953,0.0009263,16816.841378
2017-11-04 06:00:00,0.00092856,0.00094868,0.0009507,0.0009251,13499.8190779
2017-11-04 03:00:00,0.00093122,0.00092359,0.0009375,0.00091232,13335.1740587
2017-11-04 00:00:00,0.00093904,0.00092775,0.000973,0.00091027,53460.1260771
2017-11-03 21:00:00,0.0009189,0.00094578,0.0009588,0.0009132,45318.4459399
2017-11-03 18:00:00,0.0008964,0.00091949,0.00091949,0.00088,20457.3976305
2017-11-03 15:00:00,0.000893,0.0008964,0.00090719,0.0008632,53054.3107962
2017-11-03 12:00:00,0.0008813,0.00089634,0.00092699,0.0008687,45914.5986591
2017-11-03 09:00:00,0.0008523,0.00087971,0.00089676,0.00083114,59817.3324221
2017-11-03 06:00:00,0.0008773,0.00085531,0.00090466,0.00084212,51828.9222535
2017-11-03 03:00:00,0.0009209,0.0008773,0.00092119,0.0008645,57386.9534484
2017-11-03 00:00:00,0.00088829,0.0009199,0.0009562,0.0008713,57662.0986238
2017-11-02 21:00:00,0.0009271,0.00088684,0.00093266,0.00087687,37979.2350383
2017-11-02 18:00:00,0.0009089,0.00091802,0.0009899,0.00089449,197131.188386
2017-11-02 15:00:00,0.0008917,0.0009066,0.0009184,0.0008552,69356.1434409
2017-11-02 12:00:00,0.00088701,0.00089485,0.000916,0.0008341,74403.4076672
2017-11-02 09:00:00,0.0008381,0.0008865,0.0009393,0.00080017,143407.087439
2017-11-02 06:00:00,0.000889,0.000835,0.00089037,0.00083241,82965.2322831
2017-11-02 03:00:00,0.00091001,0.00089559,0.0009392,0.0008481,86025.2815454
2017-11-02 00:00:00,0.0008969,0.00091099,0.00099,0.0008,289485.785566
2017-11-01 21:00:00,0.000983,0.0008972,0.00099141,0.00089473,66122.0204173
2017-11-01 18:00:00,0.00095741,0.00098051,0.00099702,0.000937,60786.1050307
2017-11-01 15:00:00,0.0009599,0.0009573,0.0009732,0.0009294,100173.825379
2017-11-01 12:00:00,0.0009806,0.0009599,0.00099935,0.00095328,103116.901154
2017-11-01 09:00:00,0.0010111,0.0009805,0.0010477,0.000979,167598.835757
2017-11-01 06:00:00,0.0010437,0.0010133,0.0010457,0.0010111,31468.9296498
2017-11-01 03:00:00,0.0010528,0.0010433,0.0010545,0.0010402,19720.1060868
2017-11-01 00:00:00,0.0010575,0.0010529,0.001091,0.00105,24149.8255544
2017-10-31 21:00:00,0.0011009,0.0010582,0.0011059,0.0010573,18886.4837957
2017-10-31 18:00:00,0.0011195,0.001105,0.001129,0.001099,19980.3527969
2017-10-31 15:00:00,0.0011044,0.0011195,0.0011199,0.001099,62453.6660645
2017-10-31 12:00:00,0.001144,0.001107,0.001155,0.0011001,63737.6926179
2017-10-31 09:00:00,0.0011719,0.0011483,0.0011734,0.0011413,23083.5199789
2017-10-31 06:00:00,0.001165,0.0011732,0.0011778,0.0011612,13055.9565724
2017-10-31 03:00:00,0.0011785,0.0011653,0.0011951,0.0011633,18423.5121432
2017-10-31 00:00:00,0.0011834,0.001181,0.0011846,0.0011606,17501.5817651
2017-10-30 21:00:00,0.001188,0.001176,0.001188,0.00117,12699.3808568
2017-10-30 18:00:00,0.0011721,0.0011889,0.001189,0.0011663,23389.0806502
2017-10-30 15:00:00,0.0011892,0.001172,0.001199,0.001172,14594.1752694
2017-10-30 12:00:00,0.0011837,0.0011945,0.0011954,0.001171,25400.9878856
2017-10-30 09:00:00,0.0011875,0.0011822,0.0011957,0.0011748,15727.976627
2017-10-30 06:00:00,0.001192,0.001191,0.0012037,0.0011845,12435.8693876
2017-10-30 03:00:00,0.0011994,0.0011926,0.0012076,0.0011818,6562.30806614
2017-10-30 00:00:00,0.0011824,0.00121,0.00121,0.0011818,24255.0186363
2017-10-29 21:00:00,0.0011741,0.0011803,0.0012071,0.0011714,17912.2309393
2017-10-29 18:00:00,0.0012384,0.0011704,0.0012527,0.001133,88025.9731335
2017-10-29 15:00:00,0.0012557,0.0012432,0.0012635,0.0012025,44224.7662525
2017-10-29 12:00:00,0.0012649,0.0012517,0.001265,0.0012461,18048.839344
2017-10-29 09:00:00,0.0012499,0.001261,0.0012639,0.001242,14246.9884306
2017-10-29 06:00:00,0.0012504,0.0012498,0.001269,0.0012447,20477.9566558
2017-10-29 03:00:00,0.0012646,0.0012558,0.001285,0.0012489,32088.0598627
2017-10-29 00:00:00,0.0012482,0.001265,0.001265,0.0012402,27611.412614
2017-10-28 21:00:00,0.0012734,0.0012525,0.0012762,0.0012402,20532.472645
2017-10-28 18:00:00,0.0012803,0.0012705,0.0012832,0.0012601,15605.6104761
2017-10-28 15:00:00,0.0012757,0.0012803,0.001287,0.00126,32802.0029726
2017-10-28 12:00:00,0.001285,0.0012745,0.001289,0.001262,38529.3862315
2017-10-28 09:00:00,0.0012891,0.001285,0.0012976,0.001283,20342.2593846
2017-10-28 06:00:00,0.0012918,0.001287,0.0012945,0.0012805,9154.76058692
2017-10-28 03:00:00,0.0012843,0.0012893,0.0012965,0.00128,53628.8383925
2017-10-28 00:00:00,0.0012939,0.0012843,0.0012997,0.001265,28813.553496
2017-10-27 21:00:00,0.0013069,0.0013,0.001314,0.0012831,18891.8902171
2017-10-27 18:00:00,0.0013464,0.0013069,0.0013792,0.0012967,41944.6298762
2017-10-27 15:00:00,0.001326,0.0013587,0.0013587,0.0013149,14594.5628222
2017-10-27 12:00:00,0.001375,0.0013264,0.0013799,0.001313,41351.1320111
2017-10-27 09:00:00,0.0012975,0.001375,0.001397,0.0012936,106984.474524
2017-10-27 06:00:00,0.0012849,0.0013059,0.0013069,0.0012824,9840.34681015
2017-10-27 03:00:00,0.0012532,0.0012845,0.0012893,0.0012519,12298.5413705
2017-10-27 00:00:00,0.0012896,0.0012519,0.0013117,0.0012519,29469.6729215
2017-10-26 21:00:00,0.0012892,0.0012983,0.0013336,0.0012721,54727.2535816
2017-10-26 18:00:00,0.0012765,0.0012941,0.0013204,0.0012604,38867.1844716
2017-10-26 15:00:00,0.0012823,0.001282,0.0012865,0.0012561,28583.3423169
2017-10-26 12:00:00,0.0013101,0.0012778,0.0013117,0.001267,35396.5790386
2017-10-26 09:00:00,0.001345,0.00131,0.001359,0.00131,21375.7613859
2017-10-26 06:00:00,0.0013482,0.001345,0.001365,0.0013392,16922.768449
2017-10-26 03:00:00,0.0013496,0.0013475,0.0013566,0.0013306,6709.56733302
2017-10-26 00:00:00,0.00133,0.0013418,0.0013571,0.001325,39327.0412031
2017-10-25 21:00:00,0.0013726,0.0013303,0.0013864,0.0013303,26311.6352137
2017-10-25 18:00:00,0.001411,0.0013764,0.00142,0.0013675,16538.207699
2017-10-25 15:00:00,0.0014181,0.0014129,0.0014285,0.0013905,13283.2595852
2017-10-25 12:00:00,0.001395,0.0014166,0.0014256,0.0013838,20667.9698357
2017-10-25 09:00:00,0.001378,0.001395,0.001395,0.0013611,27804.1299636
2017-10-25 06:00:00,0.0014178,0.0013845,0.0014178,0.001356,31638.6425981
2017-10-25 03:00:00,0.001404,0.0014136,0.001432,0.001402,15082.8323844
2017-10-25 00:00:00,0.001475,0.001404,0.001475,0.0014038,56489.9763318
2017-10-24 21:00:00,0.0014652,0.001475,0.001475,0.0014459,27015.6785313
2017-10-24 18:00:00,0.0014595,0.0014602,0.0014866,0.0014143,38964.886255
2017-10-24 15:00:00,0.0015452,0.0014617,0.0015452,0.001413,66502.6036585
2017-10-24 12:00:00,0.0014931,0.001544,0.0015486,0.0014605,71530.4867531
2017-10-24 09:00:00,0.0014943,0.0014932,0.001539,0.0014741,95411.5590508
2017-10-24 06:00:00,0.0014538,0.0014943,0.001495,0.0014201,54536.3619161
2017-10-24 03:00:00,0.0014761,0.0014518,0.001515,0.0014204,94453.24741
2017-10-24 00:00:00,0.0012985,0.0014771,0.00152,0.0012842,300569.262804
2017-10-23 21:00:00,0.001265,0.0012971,0.0013087,0.001265,112261.317651
2017-10-23 18:00:00,0.0012628,0.0012688,0.001269,0.0012513,46281.8836184
2017-10-23 15:00:00,0.0012515,0.001263,0.001263,0.0012429,21812.0837593
2017-10-23 12:00:00,0.0012349,0.0012524,0.001265,0.0012321,59099.1038241
2017-10-23 09:00:00,0.0012601,0.001239,0.0012642,0.0012275,36883.3877043
2017-10-23 06:00:00,0.0012355,0.0012626,0.0012822,0.00123,27764.32843
2017-10-23 03:00:00,0.0012484,0.0012282,0.0012573,0.00121,52237.7429889
2017-10-23 00:00:00,0.0012786,0.0012484,0.0012875,0.0012484,13874.7614383
2017-10-22 21:00:00,0.0012981,0.0012834,0.001309,0.001272,10741.7070479
2017-10-22 18:00:00,0.0012803,0.0012996,0.0013119,0.001272,23705.4008646
2017-10-22 15:00:00,0.001287,0.0012785,0.001295,0.0012575,26878.7310911
2017-10-22 12:00:00,0.0012849,0.0012898,0.0013189,0.001268,38282.373424
2017-10-22 09:00:00,0.0012788,0.0012803,0.0013266,0.001278,25226.2468575
2017-10-22 06:00:00,0.0012822,0.00128,0.0013075,0.0012523,24920.0654948
2017-10-22 03:00:00,0.0012607,0.0012847,0.0013346,0.0012411,59447.8508159
2017-10-22 00:00:00,0.001227,0.0012605,0.00128,0.0012201,44251.8860661
2017-10-21 21:00:00,0.001197,0.001227,0.0012299,0.0011864,22273.1752916
2017-10-21 18:00:00,0.0012022,0.001197,0.0012082,0.0011754,51808.7876076
2017-10-21 15:00:00,0.0011581,0.001209,0.0012437,0.0011241,84584.1771905
2017-10-21 12:00:00,0.0011891,0.001158,0.001191,0.0011301,60452.8078247
2017-10-21 09:00:00,0.001176,0.001199,0.0011999,0.0011675,35930.7395882
2017-10-21 06:00:00,0.0012204,0.0011723,0.0012288,0.0011674,25660.9158193
2017-10-21 03:00:00,0.0011962,0.00122,0.0012318,0.001163,29942.9060466
2017-10-21 00:00:00,0.0012126,0.0012006,0.001236,0.0011952,20038.4613872
2017-10-20 21:00:00,0.0012465,0.0012116,0.0012465,0.0012034,19735.7880099
2017-10-20 18:00:00,0.001265,0.0012412,0.001276,0.0011925,41091.2641358
2017-10-20 15:00:00,0.00129,0.001265,0.0013103,0.0012471,170688.450493
2017-10-20 12:00:00,0.0013674,0.0012909,0.0013694,0.0012775,60329.6778285
2017-10-20 09:00:00,0.0013588,0.0013695,0.0013697,0.001358,6775.11222037
2017-10-20 06:00:00,0.0013623,0.0013607,0.001374,0.0013555,9544.86140484
2017-10-20 03:00:00,0.0013647,0.0013681,0.001374,0.001326,55137.3166846
2017-10-20 00:00:00,0.0013741,0.0013678,0.0013769,0.001362,13483.3749069
2017-10-19 21:00:00,0.0013734,0.0013741,0.0013769,0.00136,11462.0025889
2017-10-19 18:00:00,0.0013649,0.0013788,0.001379,0.0013649,7198.00172112
2017-10-19 15:00:00,0.0013615,0.0013648,0.001379,0.0013521,10502.3703693
2017-10-19 12:00:00,0.0013898,0.001361,0.0013954,0.0013599,21246.8931396
2017-10-19 09:00:00,0.0014004,0.001387,0.0014258,0.0013852,51578.4763832
2017-10-19 06:00:00,0.0014005,0.0014015,0.001411,0.0013941,5338.86637617
2017-10-19 03:00:00,0.001406,0.0014081,0.0014133,0.001391,11589.9223763
2017-10-19 00:00:00,0.0013974,0.0014015,0.0014245,0.001387,38291.2001971
2017-10-18 21:00:00,0.0014386,0.001396,0.0014386,0.0013919,24135.4450281
2017-10-18 18:00:00,0.0014552,0.0014371,0.0014769,0.0014281,17278.2296881
2017-10-18 15:00:00,0.0014718,0.0014553,0.0014958,0.0014278,35434.1929323
2017-10-18 12:00:00,0.001517,0.0014798,0.0015268,0.0014632,44676.2311017
2017-10-18 09:00:00,0.0014487,0.0015146,0.0015281,0.0014348,64519.5976117
2017-10-18 06:00:00,0.0014285,0.0014498,0.0014652,0.0014148,17580.9316374
2017-10-18 03:00:00,0.0014299,0.0014271,0.0014378,0.001418,12412.2719472
2017-10-18 00:00:00,0.0014253,0.0014298,0.0014396,0.0014063,10505.0818279
2017-10-17 21:00:00,0.0014439,0.0014254,0.001449,0.0014239,10599.2095858
2017-10-17 18:00:00,0.0014507,0.0014395,0.0014629,0.0014253,44191.5679654
2017-10-17 15:00:00,0.0014233,0.0014507,0.0014863,0.001412,65892.0512374
2017-10-17 12:00:00,0.0013898,0.0014229,0.0014403,0.0013841,53895.1457543
2017-10-17 09:00:00,0.0013746,0.00139,0.001401,0.0013657,15826.8229145
2017-10-17 06:00:00,0.001372,0.0013745,0.001375,0.0013561,13667.0686997
2017-10-17 03:00:00,0.0013755,0.0013697,0.0013826,0.0013569,10985.6172662
2017-10-17 00:00:00,0.0013578,0.0013741,0.0013851,0.0013507,12823.5671019
2017-10-16 21:00:00,0.0013621,0.001355,0.0013821,0.0013508,14494.6990154
2017-10-16 18:00:00,0.001367,0.0013589,0.0013786,0.0013589,14542.0661887
2017-10-16 15:00:00,0.0013664,0.0013656,0.0013786,0.0013501,15780.7209944
2017-10-16 12:00:00,0.0013696,0.0013664,0.0013784,0.0013499,13326.7436482
2017-10-16 09:00:00,0.0013542,0.0013696,0.0013942,0.001354,12785.5463415
2017-10-16 06:00:00,0.0013834,0.001354,0.0013975,0.001354,40464.1220948
2017-10-16 03:00:00,0.0013882,0.0013847,0.0014073,0.001368,22246.6406223
2017-10-16 00:00:00,0.0013969,0.0013932,0.0014216,0.0013858,8873.79955959
2017-10-15 21:00:00,0.0014667,0.0013969,0.0014795,0.0013852,24175.7453197
2017-10-15 18:00:00,0.0014005,0.001463,0.0015,0.0014001,27984.5284758
2017-10-15 15:00:00,0.001378,0.0014001,0.0014197,0.0013671,23478.6858495
2017-10-15 12:00:00,0.0014254,0.001378,0.0014298,0.0013672,32286.2733713
2017-10-15 09:00:00,0.0014039,0.001426,0.0014459,0.0014019,51285.5166217
2017-10-15 06:00:00,0.0013648,0.0014145,0.00143,0.0013501,66288.5875411
2017-10-15 03:00:00,0.0013321,0.0013655,0.0013922,0.0013256,26158.2462042
2017-10-15 00:00:00,0.0013837,0.0013344,0.0013837,0.0013201,64871.8551995
2017-10-14 21:00:00,0.0014189,0.001378,0.0014248,0.0013621,18357.031558
2017-10-14 18:00:00,0.0014097,0.0014161,0.00143,0.0014031,20619.6875695
2017-10-14 15:00:00,0.0014102,0.0014052,0.0014358,0.0014,56583.1140885
2017-10-14 12:00:00,0.0014317,0.00141,0.0014375,0.00141,9721.77191698
2017-10-14 09:00:00,0.0014727,0.0014297,0.0014727,0.00141,52927.9270763
2017-10-14 06:00:00,0.0014633,0.0014748,0.0014887,0.0014507,18501.7806384
2017-10-14 03:00:00,0.0014564,0.0014633,0.0014958,0.001425,21914.0079128
2017-10-14 00:00:00,0.0014693,0.0014567,0.0014789,0.0014451,11764.8381924
2017-10-13 21:00:00,0.0014712,0.001475,0.0015304,0.0014547,48308.9452562
2017-10-13 18:00:00,0.0014397,0.001469,0.0015337,0.0014215,36623.7875295
2017-10-13 15:00:00,0.0014167,0.001439,0.0014596,0.0014021,18198.18161
2017-10-13 12:00:00,0.0014899,0.0014186,0.0015334,0.001391,52730.4454949
2017-10-13 09:00:00,0.0014694,0.0014899,0.0015084,0.0014496,26026.8234571
2017-10-13 06:00:00,0.001549,0.0014717,0.0015646,0.00145,46520.7818232
2017-10-13 03:00:00,0.0014329,0.001549,0.00155,0.0014101,132373.977883
2017-10-13 00:00:00,0.001509,0.0014331,0.001545,0.0013759,108208.523998
2017-10-12 21:00:00,0.0015694,0.001509,0.0016127,0.0015,53057.8142595
2017-10-12 18:00:00,0.0016,0.0015556,0.0016,0.0015087,77612.1048289
2017-10-12 15:00:00,0.0016509,0.001595,0.0016509,0.0015555,82859.5642545
2017-10-12 12:00:00,0.001649,0.0016549,0.0016683,0.0016193,42765.5390046
2017-10-12 09:00:00,0.0016656,0.0016327,0.001711,0.0015864,92212.9762258
2017-10-12 06:00:00,0.0017727,0.0016814,0.0018213,0.0015748,221930.711482
2017-10-12 03:00:00,0.0019222,0.001767,0.0019305,0.001767,79532.5510492
2017-10-12 00:00:00,0.0019253,0.0019299,0.0019718,0.0019001,32694.220798
2017-10-11 21:00:00,0.0018828,0.0019272,0.001958,0.0018462,37012.2527077
2017-10-11 18:00:00,0.00189,0.001879,0.0018949,0.001861,72622.4641574
2017-10-11 15:00:00,0.0018786,0.00189,0.0018999,0.001855,33061.0047732
2017-10-11 12:00:00,0.0018812,0.0018862,0.0019045,0.0018438,30257.5664726
2017-10-11 09:00:00,0.0018825,0.0018755,0.0018865,0.0018181,100934.273658
2017-10-11 06:00:00,0.0018999,0.0018825,0.001965,0.0018509,98857.5096743
2017-10-11 03:00:00,0.0017289,0.0019017,0.0019911,0.001726,187634.909764
2017-10-11 00:00:00,0.0017023,0.0017358,0.0017691,0.0017023,21963.7148252
2017-10-10 21:00:00,0.0016705,0.0017023,0.0017599,0.0016693,54659.2963913
2017-10-10 18:00:00,0.00162,0.001676,0.001676,0.0015801,29363.019604
2017-10-10 15:00:00,0.0016157,0.0016205,0.0016538,0.0015717,24072.4272995
2017-10-10 12:00:00,0.0016749,0.0016161,0.0016781,0.0015874,38857.1470361
2017-10-10 09:00:00,0.001668,0.001668,0.0016914,0.00164,22544.7007482
2017-10-10 06:00:00,0.001598,0.001668,0.0016888,0.001578,26968.9851656
2017-10-10 03:00:00,0.0015713,0.00159,0.0016661,0.0015604,42343.3422072
2017-10-10 00:00:00,0.0015748,0.001574,0.0015829,0.0014882,45858.5572697
2017-10-09 21:00:00,0.001483,0.0015564,0.001616,0.0014829,28577.3553168
2017-10-09 18:00:00,0.0016423,0.0014828,0.001643,0.0014369,93971.1866908
2017-10-09 15:00:00,0.0016644,0.0016423,0.0016899,0.0016368,56295.9300304
2017-10-09 12:00:00,0.0017059,0.0016604,0.00175,0.0016437,44720.194015
2017-10-09 09:00:00,0.0017134,0.0017001,0.0017672,0.0016678,19736.1681292
2017-10-09 06:00:00,0.0016779,0.0017131,0.0017131,0.0016133,35929.5054149
2017-10-09 03:00:00,0.0016926,0.0016545,0.0016999,0.0016,52154.6017513
2017-10-09 00:00:00,0.0016723,0.0016859,0.0017072,0.0016398,31272.8596287
2017-10-08 21:00:00,0.0016788,0.0016722,0.0017534,0.0016447,58768.6527871
2017-10-08 18:00:00,0.0017625,0.001679,0.0017951,0.0016611,47222.9524732
2017-10-08 15:00:00,0.0018355,0.0017544,0.0018361,0.0017377,30988.6169483
2017-10-08 12:00:00,0.0018731,0.0018346,0.0018887,0.0018346,23850.4309505
2017-10-08 09:00:00,0.0018733,0.0018722,0.0018974,0.0018531,11928.5582135
2017-10-08 06:00:00,0.0018679,0.0018747,0.0018845,0.0018422,12241.5973041
2017-10-08 03:00:00,0.0018817,0.0018626,0.001899,0.0018611,8855.10831559
2017-10-08 00:00:00,0.0019221,0.0018817,0.0019329,0.0018728,4854.850189
2017-10-07 21:00:00,0.0018925,0.0019187,0.0019219,0.0018699,21728.5280789
2017-10-07 18:00:00,0.0018875,0.0018927,0.0019311,0.0018774,29236.0909501
2017-10-07 15:00:00,0.0019183,0.0018877,0.001936,0.0018868,58602.8626462
2017-10-07 12:00:00,0.00192,0.0019183,0.0019262,0.0019031,12591.5539053
2017-10-07 09:00:00,0.001961,0.00192,0.001968,0.0019051,17079.8910083
2017-10-07 06:00:00,0.0019552,0.001961,0.0019759,0.0019511,6778.16342295
2017-10-07 03:00:00,0.001959,0.0019555,0.0019779,0.00195,17022.4511319
2017-10-07 00:00:00,0.001979,0.0019581,0.0019873,0.0019581,14736.3714809
2017-10-06 21:00:00,0.0019825,0.0019757,0.0019977,0.001969,6305.73956672
2017-10-06 18:00:00,0.0019811,0.0019695,0.002,0.0019695,6870.76921514
2017-10-06 15:00:00,0.001986,0.0019867,0.0019896,0.0019634,6699.08972207
2017-10-06 12:00:00,0.0019901,0.0019719,0.002003,0.0019646,13045.3904444
2017-10-06 09:00:00,0.0019936,0.0019901,0.002007,0.001962,14643.2392711
2017-10-06 06:00:00,0.001994,0.0019936,0.0020247,0.0019786,17827.0338185
2017-10-06 03:00:00,0.0019953,0.0019873,0.0020046,0.0019533,14347.7586258
2017-10-06 00:00:00,0.0020288,0.002,0.0020481,0.0019955,7127.9470395
2017-10-05 21:00:00,0.0019971,0.0020288,0.0020367,0.001997,6988.55197856
2017-10-05 18:00:00,0.002017,0.0020088,0.002017,0.0019962,9197.32903952
2017-10-05 15:00:00,0.0020698,0.0020062,0.0020759,0.002005,26220.3871106
2017-10-05 12:00:00,0.002005,0.0020699,0.0020899,0.0020008,27226.1314822
2017-10-05 09:00:00,0.0019857,0.0019972,0.0020296,0.0019738,8646.47953507
2017-10-05 06:00:00,0.0020212,0.0019863,0.0020212,0.001972,9593.39948952
2017-10-05 03:00:00,0.002036,0.0020103,0.0020479,0.0020001,9306.09244247
2017-10-05 00:00:00,0.0020561,0.0020301,0.00206,0.0020301,5622.57832313
2017-10-04 21:00:00,0.002053,0.00205,0.0020632,0.0020313,6505.03989057
2017-10-04 18:00:00,0.0020649,0.0020491,0.00207,0.0020363,22921.7228956
2017-10-04 15:00:00,0.00206,0.002065,0.002065,0.00205,20632.7311793
2017-10-04 12:00:00,0.00206,0.002065,0.002065,0.002041,99642.1275454
2017-10-04 09:00:00,0.0020769,0.00206,0.0020989,0.0020512,68020.6139396
2017-10-04 06:00:00,0.0020996,0.002075,0.0020996,0.002061,12348.6077316
2017-10-04 03:00:00,0.0021242,0.0021011,0.0021347,0.0020889,16139.4644676
2017-10-04 00:00:00,0.0021467,0.0021221,0.0021513,0.0021001,14330.1670543
2017-10-03 21:00:00,0.0021374,0.0021467,0.0021686,0.002109,18274.6284147
2017-10-03 18:00:00,0.00207,0.0021374,0.0021862,0.002053,34862.2357714
2017-10-03 15:00:00,0.0020677,0.0020728,0.0020783,0.002047,10651.7209359
2017-10-03 12:00:00,0.0020912,0.0020593,0.0020963,0.0020431,13405.9437091
2017-10-03 09:00:00,0.0020635,0.00209,0.00209,0.0020075,15404.5056722
2017-10-03 06:00:00,0.0020104,0.0020636,0.0020961,0.0019801,32471.5844647
2017-10-03 03:00:00,0.0020398,0.0020198,0.002067,0.0019873,67203.3817127
2017-10-03 00:00:00,0.0020927,0.0020435,0.0021054,0.002,85738.0889394
2017-10-02 21:00:00,0.0021047,0.0020932,0.002125,0.002071,21634.0334339
2017-10-02 18:00:00,0.0020942,0.0021027,0.00213,0.0020493,23055.0481412
2017-10-02 15:00:00,0.0021175,0.0020889,0.002167,0.0020701,78484.7757255
2017-10-02 12:00:00,0.0021825,0.0021121,0.002225,0.0021,22560.1164548
2017-10-02 09:00:00,0.0021779,0.0021825,0.0022639,0.0021685,29976.2108769
2017-10-02 06:00:00,0.0021029,0.0021724,0.0021852,0.0020913,43072.5520809
2017-10-02 03:00:00,0.0021993,0.002092,0.0021993,0.0020628,87221.6909029
2017-10-02 00:00:00,0.0022251,0.0021901,0.0022383,0.0021817,14683.4154058
2017-10-01 21:00:00,0.0022558,0.0022251,0.0022761,0.0021755,81595.0439165
2017-10-01 18:00:00,0.002274,0.002248,0.0023062,0.002248,9870.98897278
2017-10-01 15:00:00,0.002275,0.002273,0.0023141,0.0022533,6663.90594181
2017-10-01 12:00:00,0.002282,0.0022706,0.002282,0.0022531,20025.6700001
2017-10-01 09:00:00,0.0023017,0.0022825,0.0023018,0.00227,6345.91913696
2017-10-01 06:00:00,0.0022988,0.0022912,0.0023086,0.0022911,2551.86776632
2017-10-01 03:00:00,0.0023205,0.0023056,0.002327,0.00229,14592.5222443
2017-10-01 00:00:00,0.002332,0.0023126,0.0023321,0.0023003,8750.73110827
2017-09-30 21:00:00,0.002318,0.002331,0.0023342,0.0023001,10298.1284397
2017-09-30 18:00:00,0.00234,0.002317,0.0023626,0.0023072,9053.10179635
2017-09-30 15:00:00,0.0023225,0.0023281,0.0023698,0.002305,15047.0512024
2017-09-30 12:00:00,0.002355,0.002323,0.002355,0.0023,37447.8679733
2017-09-30 09:00:00,0.002383,0.0023432,0.002383,0.0023432,4840.77907328
2017-09-30 06:00:00,0.002359,0.00238,0.002391,0.0023522,8021.88739903
2017-09-30 03:00:00,0.0023678,0.0023547,0.0023866,0.0023546,16112.6507541
2017-09-30 00:00:00,0.0023207,0.0023649,0.0023946,0.0023102,25600.2357867
2017-09-29 21:00:00,0.0023828,0.00233,0.0023897,0.00231,11675.6554313
2017-09-29 18:00:00,0.0023684,0.0023828,0.0023949,0.0023376,10312.7915421
2017-09-29 15:00:00,0.0024041,0.00236,0.002427,0.002351,6359.40041351
2017-09-29 12:00:00,0.0024234,0.0024046,0.0024295,0.0023608,8566.50470709
2017-09-29 09:00:00,0.0023874,0.00243,0.002441,0.002329,19613.1110315
2017-09-29 06:00:00,0.0023393,0.0023875,0.0024147,0.00232,12541.445247
2017-09-29 03:00:00,0.0022533,0.002337,0.0023546,0.0022297,93229.1463412
2017-09-29 00:00:00,0.0024975,0.0022558,0.0025334,0.002207,82916.8275154
2017-09-28 21:00:00,0.0024769,0.00249,0.0025149,0.0024732,7727.46791738
2017-09-28 18:00:00,0.0025781,0.0024751,0.0025819,0.002473,31353.0708056
2017-09-28 15:00:00,0.0024999,0.0025781,0.0026,0.0024558,137690.973934
2017-09-28 12:00:00,0.00256,0.0024999,0.0025876,0.0024657,20774.7522484
2017-09-28 09:00:00,0.0025663,0.0025588,0.0026222,0.0025111,26621.0644128
2017-09-28 06:00:00,0.002594,0.0025626,0.0027206,0.0025626,95698.4635915
2017-09-28 03:00:00,0.002425,0.002594,0.002599,0.0024017,49867.1509151
2017-09-28 00:00:00,0.0024659,0.0024255,0.0024671,0.0024111,5305.14527492
2017-09-27 21:00:00,0.002482,0.0024669,0.0025072,0.00246,14335.553051
2017-09-27 18:00:00,0.0024671,0.002483,0.0025347,0.0024384,22869.9580954
2017-09-27 15:00:00,0.0024449,0.002459,0.0025091,0.0024146,39252.7688251
2017-09-27 12:00:00,0.0024604,0.0024449,0.002488,0.0024332,11654.5515834
2017-09-27 09:00:00,0.0025197,0.0024607,0.0025352,0.00245,7675.77513162
2017-09-27 06:00:00,0.002495,0.0025197,0.0025377,0.002486,14211.6589525
2017-09-27 03:00:00,0.0025016,0.002496,0.0025334,0.0024824,10369.3891503
2017-09-27 00:00:00,0.002512,0.002508,0.0025496,0.0024875,12215.8754844
2017-09-26 21:00:00,0.0025086,0.002522,0.0025486,0.0025002,3452.58859194
2017-09-26 18:00:00,0.002534,0.00252,0.0025442,0.0025051,4485.34253448
2017-09-26 15:00:00,0.0025271,0.002521,0.0025678,0.0025031,16454.4767019
2017-09-26 12:00:00,0.0025822,0.002552,0.0025952,0.00251,28493.1095174
2017-09-26 09:00:00,0.0025395,0.00259,0.0025932,0.0025268,12572.3922895
2017-09-26 06:00:00,0.0025042,0.0025399,0.0025745,0.002504,6525.53417442
2017-09-26 03:00:00,0.002534,0.0025289,0.0025377,0.0024845,14180.8707515
2017-09-26 00:00:00,0.0025651,0.0025262,0.0025766,0.002525,11756.1767505
2017-09-25 21:00:00,0.002544,0.0025408,0.0026,0.0025273,9155.64997346
2017-09-25 18:00:00,0.0025781,0.002544,0.0025848,0.002525,17538.6681763
2017-09-25 15:00:00,0.0025694,0.0025627,0.0026322,0.0025301,44390.3434268
2017-09-25 12:00:00,0.002492,0.0025642,0.0025642,0.0024624,39415.9084031
2017-09-25 09:00:00,0.0023988,0.0025,0.0025717,0.0023867,41507.1500506
2017-09-25 06:00:00,0.0024055,0.0023998,0.0024308,0.0023782,8432.84164102
2017-09-25 03:00:00,0.0023888,0.002397,0.00245,0.002377,48083.1874697
2017-09-25 00:00:00,0.0023472,0.0023928,0.0023998,0.0023332,7285.364664
2017-09-24 21:00:00,0.0023601,0.0023548,0.0023676,0.002341,3353.18559361
2017-09-24 18:00:00,0.002326,0.0023557,0.0023706,0.0023143,5882.04735011
2017-09-24 15:00:00,0.0023314,0.0023366,0.0023489,0.0023108,23791.8752534
2017-09-24 12:00:00,0.002337,0.0023314,0.0023691,0.0023264,4574.86831704
2017-09-24 09:00:00,0.002369,0.0023369,0.002372,0.0023247,9557.24234787
2017-09-24 06:00:00,0.0023472,0.0023719,0.002387,0.0023203,3140.55421597
2017-09-24 03:00:00,0.0024094,0.0023518,0.0024199,0.0023281,11639.308545
2017-09-24 00:00:00,0.0023861,0.0024156,0.0024234,0.002377,5223.56926056
2017-09-23 21:00:00,0.0024201,0.0023876,0.0024223,0.0023496,32540.8754283
2017-09-23 18:00:00,0.0023943,0.0024201,0.0024348,0.002393,19112.065296
2017-09-23 15:00:00,0.0024285,0.0023943,0.0024354,0.002371,20018.4157299
2017-09-23 12:00:00,0.00246,0.0024239,0.0024698,0.0024,11380.8855049
2017-09-23 09:00:00,0.0024401,0.00246,0.0024698,0.0024181,17966.4674122
2017-09-23 06:00:00,0.00238,0.002449,0.00245,0.00236,37757.9109671
2017-09-23 03:00:00,0.002375,0.0023828,0.0023829,0.0023219,6569.09141747
2017-09-23 00:00:00,0.0023785,0.0023612,0.0024095,0.0023144,39065.2791626
2017-09-22 21:00:00,0.0023929,0.0023988,0.0024281,0.002347,41713.0829308
2017-09-22 18:00:00,0.0023197,0.0024,0.0024,0.002309,22882.12924
2017-09-22 15:00:00,0.0023168,0.0023106,0.0023244,0.0022566,25149.7147628
2017-09-22 12:00:00,0.0022299,0.002319,0.002328,0.0022151,35825.9369391
2017-09-22 09:00:00,0.0023069,0.0022292,0.0023306,0.0022066,30140.2895014
2017-09-22 06:00:00,0.002295,0.0023163,0.0023494,0.0022881,24510.4727961
2017-09-22 03:00:00,0.0022697,0.0022882,0.0024064,0.0022361,31971.7197928
2017-09-22 00:00:00,0.0022459,0.0022714,0.0023144,0.0022132,20970.5528657
2017-09-21 21:00:00,0.002224,0.002236,0.00229,0.0022101,29774.6239067
2017-09-21 18:00:00,0.002236,0.0022011,0.0022506,0.002124,55505.1172251
2017-09-21 15:00:00,0.002288,0.0022395,0.002288,0.0022022,71634.7064746
2017-09-21 12:00:00,0.0023309,0.002288,0.0023309,0.002288,8353.7874767
2017-09-21 09:00:00,0.0023634,0.0023265,0.0023688,0.0023128,20027.3420522
2017-09-21 06:00:00,0.002405,0.002351,0.0024208,0.00235,11366.3430562
2017-09-21 03:00:00,0.0023568,0.002405,0.0024502,0.0022763,32695.8246159
2017-09-21 00:00:00,0.002338,0.0023581,0.0023676,0.00225,72962.2144775
2017-09-20 21:00:00,0.0023632,0.0023448,0.0023999,0.0023228,22683.5399665
2017-09-20 18:00:00,0.002404,0.0023639,0.00242,0.0023147,51937.4230755
2017-09-20 15:00:00,0.002431,0.002407,0.0024311,0.00237,92007.5905972
2017-09-20 12:00:00,0.0024579,0.002431,0.0024787,0.0024301,15138.3827376
2017-09-20 09:00:00,0.0024687,0.0024546,0.0024898,0.0024277,6372.45143249
2017-09-20 06:00:00,0.0024547,0.0024777,0.0025197,0.0024304,15592.8863162
2017-09-20 03:00:00,0.0025197,0.0024699,0.0025247,0.0024,80730.7494236
2017-09-20 00:00:00,0.0025335,0.0025452,0.0025571,0.0024901,13115.1680463
2017-09-19 21:00:00,0.002534,0.0025335,0.0025594,0.0024699,45491.7028105
2017-09-19 18:00:00,0.0025909,0.0025267,0.0026317,0.0025102,19399.0450198
2017-09-19 15:00:00,0.0025878,0.002591,0.0026128,0.0025716,11476.3475362
2017-09-19 12:00:00,0.00264,0.0025878,0.0026489,0.0025749,9696.44023628
2017-09-19 09:00:00,0.0026101,0.00264,0.00264,0.00258,20450.0716808
2017-09-19 06:00:00,0.002629,0.0026101,0.002666,0.0026001,6648.02200706
2017-09-19 03:00:00,0.0026601,0.0026289,0.0026789,0.0026,15241.304299
2017-09-19 00:00:00,0.0027,0.0026721,0.0027139,0.0026491,9851.13798904
2017-09-18 21:00:00,0.0026998,0.0027098,0.002721,0.0026676,32816.546229
2017-09-18 18:00:00,0.002699,0.002696,0.0027496,0.002676,7408.11528444
2017-09-18 15:00:00,0.002742,0.0026999,0.0027647,0.0026655,46835.041495
2017-09-18 12:00:00,0.002779,0.002756,0.0028,0.0027234,22559.7458068
2017-09-18 09:00:00,0.0027644,0.002755,0.0027805,0.00273,29649.9708903
2017-09-18 06:00:00,0.0027435,0.0027644,0.0028095,0.0027292,20399.0009797
2017-09-18 03:00:00,0.002696,0.0027435,0.0027599,0.0026902,21625.4019476
2017-09-18 00:00:00,0.002684,0.002696,0.002725,0.0026776,33797.7679978
2017-09-17 21:00:00,0.0027014,0.0026841,0.00274,0.0026837,10077.1757676
2017-09-17 18:00:00,0.0027489,0.0027299,0.0027647,0.0027001,67973.0766795
2017-09-17 15:00:00,0.0026654,0.0027489,0.0027489,0.0026594,24041.3842087
2017-09-17 12:00:00,0.00265,0.002667,0.0027,0.0026101,20557.8096426
2017-09-17 09:00:00,0.002609,0.002645,0.0026709,0.0025813,14674.5602676
2017-09-17 06:00:00,0.00261,0.002609,0.00264,0.0025547,20422.3117678
2017-09-17 03:00:00,0.0026718,0.00261,0.0026799,0.002605,11964.3677577
2017-09-17 00:00:00,0.0027124,0.0026788,0.0027124,0.0026411,10675.2307557
2017-09-16 21:00:00,0.002709,0.002695,0.0027287,0.00267,32795.5987952
2017-09-16 18:00:00,0.0027049,0.0027258,0.0027469,0.0026724,12276.6612389
2017-09-16 15:00:00,0.0026449,0.0027049,0.0027199,0.00264,20367.3145272
2017-09-16 12:00:00,0.0027204,0.0026544,0.002736,0.0026407,38351.3845504
2017-09-16 09:00:00,0.0027616,0.00272,0.002784,0.002619,60444.8148125
2017-09-16 06:00:00,0.00265,0.00276,0.0027899,0.00264,28685.9018825
2017-09-16 03:00:00,0.0027677,0.00265,0.00277,0.00265,24610.3163202
2017-09-16 00:00:00,0.0027168,0.0027699,0.0027866,0.002683,24071.1575991
2017-09-15 21:00:00,0.0027128,0.0027194,0.0027676,0.0026749,55335.739259
2017-09-15 18:00:00,0.002689,0.0027128,0.0027631,0.0026729,39700.8972171
2017-09-15 15:00:00,0.0027529,0.0026876,0.002815,0.00261,115082.328261
2017-09-15 12:00:00,0.0022466,0.0027529,0.0027777,0.0022295,168444.939563
2017-09-15 09:00:00,0.00249,0.0022266,0.0025113,0.0021993,97500.0159664
2017-09-15 06:00:00,0.0025577,0.00249,0.00258,0.0024101,44848.7780497
2017-09-15 03:00:00,0.0025979,0.0025566,0.0026299,0.0025121,18321.6151961
2017-09-15 00:00:00,0.0025163,0.0025979,0.0026524,0.0024919,39090.519124
2017-09-14 21:00:00,0.0025736,0.0025164,0.002599,0.002473,44104.0213168
2017-09-14 18:00:00,0.0023366,0.0025985,0.0026719,0.0022966,152994.481546
2017-09-14 15:00:00,0.002541,0.0023373,0.0025598,0.0023025,157678.128608
2017-09-14 12:00:00,0.00257,0.002541,0.0026472,0.0022,350622.193146
2017-09-14 09:00:00,0.0027623,0.00258,0.002789,0.0025,40716.5649096
2017-09-14 06:00:00,0.002752,0.0027633,0.0027951,0.0027,42156.2312084
2017-09-14 03:00:00,0.0027608,0.0027566,0.0027881,0.0027198,22350.650849
2017-09-14 00:00:00,0.0027463,0.0027505,0.0028373,0.00273,16839.9530455
2017-09-13 21:00:00,0.0027214,0.00273,0.002785,0.0026947,15181.4176962
2017-09-13 18:00:00,0.0027218,0.002701,0.00276,0.0026941,36677.4763761
2017-09-13 15:00:00,0.0025986,0.0027448,0.002795,0.0025555,49279.8477798
2017-09-13 12:00:00,0.002533,0.0025628,0.0026594,0.00249,48398.5672293
2017-09-13 09:00:00,0.0026455,0.00254,0.0027299,0.00252,79536.9178319
2017-09-13 06:00:00,0.0026392,0.0026455,0.0027395,0.0026297,42684.1036448
2017-09-13 03:00:00,0.002734,0.0026321,0.0027999,0.0025452,108509.284529
2017-09-13 00:00:00,0.0028,0.002732,0.0028253,0.002732,26276.4408685
2017-09-12 21:00:00,0.002828,0.0027989,0.0028768,0.00277,64856.9332252
2017-09-12 18:00:00,0.0028512,0.0028337,0.0028775,0.0027,188292.866447
2017-09-12 15:00:00,0.0028564,0.0028462,0.00291,0.0028025,52963.6433785
2017-09-12 12:00:00,0.0029408,0.0028682,0.002964,0.0027938,93042.9879237
2017-09-12 09:00:00,0.002973,0.002942,0.0029799,0.0029201,26699.5917722
2017-09-12 06:00:00,0.0030509,0.002973,0.003051,0.0029279,24742.5980255
2017-09-12 03:00:00,0.002998,0.0030447,0.0031132,0.0029101,71824.8303694
2017-09-12 00:00:00,0.0027087,0.002998,0.0032799,0.0027,142309.107546
2017-09-11 21:00:00,0.0027,0.0027024,0.0027379,0.0026817,20787.1455389
2017-09-11 18:00:00,0.0027054,0.0026966,0.0027383,0.00268,30198.910878
2017-09-11 15:00:00,0.0026977,0.0027073,0.0027205,0.00268,7317.39293173
2017-09-11 12:00:00,0.002698,0.0026976,0.00271,0.0026591,91053.703072
2017-09-11 09:00:00,0.0027011,0.002698,0.002715,0.002665,87403.8940683
2017-09-11 06:00:00,0.0027039,0.0027016,0.00274,0.0026996,11129.7023184
2017-09-11 03:00:00,0.0027571,0.002716,0.0027735,0.002675,77025.9974201
2017-09-11 00:00:00,0.0027025,0.0027571,0.0027759,0.0026895,9017.88048877
2017-09-10 21:00:00,0.0027333,0.0027048,0.0027471,0.0026906,7389.29941856
2017-09-10 18:00:00,0.0027002,0.0027348,0.00277,0.0026712,78420.1828051
2017-09-10 15:00:00,0.00269,0.00271,0.00271,0.0026473,186147.653168
2017-09-10 12:00:00,0.0027092,0.002704,0.0027816,0.002681,58650.7867246
2017-09-10 09:00:00,0.00274,0.0027092,0.0027497,0.00267,27727.6716057
2017-09-10 06:00:00,0.0027223,0.00274,0.0027899,0.0026603,33330.8589647
2017-09-10 03:00:00,0.0028126,0.0027135,0.00282,0.0027079,25922.0303349
2017-09-10 00:00:00,0.00286,0.0028,0.0028895,0.00279,29766.5087009
2017-09-09 21:00:00,0.0027851,0.00286,0.0029117,0.00275,29105.4060654
2017-09-09 18:00:00,0.0027829,0.0027839,0.00279,0.0026745,36775.4154073
2017-09-09 15:00:00,0.0027793,0.002783,0.002792,0.0027296,88906.0482675
2017-09-09 12:00:00,0.0026727,0.0027793,0.0028239,0.00264,57728.9321925
2017-09-09 09:00:00,0.0026463,0.0026717,0.0026758,0.00262,26597.7502922
2017-09-09 06:00:00,0.002636,0.002642,0.0027281,0.0026001,121880.797399
2017-09-09 03:00:00,0.0026336,0.002636,0.002636,0.0025892,13059.123328
2017-09-09 00:00:00,0.002667,0.0026341,0.0026692,0.002581,18091.3046023
2017-09-08 21:00:00,0.0026017,0.002667,0.0027129,0.0025663,35910.0927112
2017-09-08 18:00:00,0.002652,0.0025954,0.0026937,0.0025201,90352.6918068
2017-09-08 15:00:00,0.0026304,0.002652,0.0027199,0.0025594,76544.9516298
2017-09-08 12:00:00,0.0028328,0.002616,0.0028328,0.0024276,212218.669666
2017-09-08 09:00:00,0.0028713,0.0028328,0.0028742,0.0027809,28398.9882279
2017-09-08 06:00:00,0.0027595,0.002855,0.002871,0.0027298,22580.4925202
2017-09-08 03:00:00,0.00275,0.0027595,0.00283,0.002725,18217.2620976
2017-09-08 00:00:00,0.0028076,0.00274,0.0028304,0.00274,19150.6034458
2017-09-07 21:00:00,0.002773,0.0028072,0.00283,0.0027254,23517.958716
2017-09-07 18:00:00,0.002769,0.0027763,0.0028538,0.0026603,56384.9102948
2017-09-07 15:00:00,0.0028739,0.0027764,0.0028773,0.0027044,129788.804718
2017-09-07 12:00:00,0.0025641,0.0028769,0.002951,0.0025619,211124.169992
2017-09-07 09:00:00,0.002475,0.0025641,0.0025697,0.0023,181830.762229
2017-09-07 06:00:00,0.0024794,0.0024772,0.0024931,0.0024097,36102.5295624
2017-09-07 03:00:00,0.002448,0.00245,0.0024969,0.0024063,44129.0673626
2017-09-07 00:00:00,0.0025284,0.002433,0.00258,0.0024033,84479.6825062
2017-09-06 21:00:00,0.0025032,0.0025337,0.0025599,0.0024913,45012.7687572
2017-09-06 18:00:00,0.0025352,0.0025031,0.002555,0.0024729,28659.4270795
2017-09-06 15:00:00,0.002468,0.0025352,0.0025681,0.0023954,63598.9697532
2017-09-06 12:00:00,0.002479,0.002468,0.002508,0.0024184,70078.7496565
2017-09-06 09:00:00,0.0024315,0.0024896,0.00249,0.0023587,77890.414332
2017-09-06 06:00:00,0.0025683,0.0024121,0.0026,0.0023605,124167.397515
2017-09-06 03:00:00,0.0025193,0.00255,0.00258,0.002464,27428.9761833
2017-09-06 00:00:00,0.002519,0.0025495,0.00264,0.0024724,88906.924283
2017-09-05 21:00:00,0.0024653,0.0025199,0.00258,0.0023691,73206.4311366
2017-09-05 18:00:00,0.00228,0.002468,0.002473,0.00225,79606.9372145
2017-09-05 15:00:00,0.0022776,0.0022773,0.0023033,0.002167,46294.5414769
2017-09-05 12:00:00,0.002269,0.0022777,0.0023097,0.0022418,43054.2694285
2017-09-05 09:00:00,0.0021829,0.0022678,0.0022785,0.0021522,36237.6672581
2017-09-05 06:00:00,0.0020325,0.0021678,0.0022163,0.0020314,90982.6736473
2017-09-05 03:00:00,0.0020524,0.0020415,0.0021443,0.001992,42810.1150371
2017-09-05 00:00:00,0.002104,0.0020702,0.0021223,0.00195,53055.2130932
2017-09-04 21:00:00,0.0021231,0.0021064,0.0022799,0.0020877,103774.873883
2017-09-04 18:00:00,0.002,0.0021235,0.00215,0.0019843,49345.2300324
2017-09-04 15:00:00,0.0019349,0.002,0.0021109,0.0018507,177033.813708
2017-09-04 12:00:00,0.0018912,0.0019419,0.00204,0.00175,153844.712838
2017-09-04 09:00:00,0.0019534,0.00189,0.0021344,0.0018236,278513.535255
2017-09-04 06:00:00,0.002196,0.0019525,0.0022078,0.0016728,309387.867787
2017-09-04 03:00:00,0.0022782,0.002195,0.0022957,0.002195,31675.2504199
2017-09-04 00:00:00,0.0023497,0.0022929,0.0023497,0.0022451,15309.7147
2017-09-03 21:00:00,0.00229,0.00233,0.002377,0.00228,9950.38264061
2017-09-03 18:00:00,0.0023035,0.0022945,0.002337,0.00226,14966.5945275
2017-09-03 15:00:00,0.0022254,0.002303,0.0023114,0.0022,20614.0998018
2017-09-03 12:00:00,0.00225,0.0022068,0.0022928,0.0021825,59973.2847206
2017-09-03 09:00:00,0.0023043,0.00225,0.0023199,0.00221,42049.1547677
2017-09-03 06:00:00,0.0024235,0.0023125,0.0024245,0.00228,63849.8813773
2017-09-03 03:00:00,0.0023584,0.0024,0.0024385,0.0023514,28107.1297655
2017-09-03 00:00:00,0.0023676,0.0023494,0.0024136,0.0023126,17215.0172427
2017-09-02 21:00:00,0.0022373,0.0023676,0.0023909,0.0022291,26932.8737013
2017-09-02 18:00:00,0.002288,0.0022309,0.0023123,0.0022309,30249.9150445
2017-09-02 15:00:00,0.002275,0.00227,0.0023226,0.0022024,31564.4768456
2017-09-02 12:00:00,0.0023336,0.0022578,0.0023754,0.0022059,50495.8578572
2017-09-02 09:00:00,0.0023257,0.0023321,0.0023762,0.0022179,44399.2593935
2017-09-02 06:00:00,0.0022722,0.0023257,0.0023903,0.0022433,54212.5947286
2017-09-02 03:00:00,0.0022861,0.0022774,0.0023884,0.0022025,52999.6380569
2017-09-02 00:00:00,0.0024535,0.002279,0.0024658,0.0021711,126185.672564
2017-09-01 21:00:00,0.00247,0.0024599,0.0025381,0.0024239,23961.2425542
2017-09-01 18:00:00,0.00254,0.002478,0.00254,0.002425,32079.3094085
2017-09-01 15:00:00,0.0025466,0.002541,0.0025799,0.00249,67742.9488028
2017-09-01 12:00:00,0.00263,0.00255,0.002635,0.00253,51641.4425044
2017-09-01 09:00:00,0.00259,0.00263,0.0026301,0.00252,79609.224459
2017-09-01 06:00:00,0.0026164,0.00259,0.0026292,0.0025063,66246.6556065
2017-09-01 03:00:00,0.0025499,0.0026199,0.00267,0.0025366,89658.2370764
2017-09-01 00:00:00,0.002501,0.0025499,0.00255,0.0024448,53285.5647225
2017-08-31 21:00:00,0.0024983,0.002501,0.002502,0.002447,55807.9219864
2017-08-31 18:00:00,0.0025151,0.0024846,0.002572,0.0024804,76844.8186794
2017-08-31 15:00:00,0.00238,0.0025222,0.0025247,0.0023744,105670.159639
2017-08-31 12:00:00,0.00231,0.002387,0.0024353,0.00231,35016.9987698
2017-08-31 09:00:00,0.002385,0.00231,0.0024277,0.00231,34896.7424057
2017-08-31 06:00:00,0.0024576,0.002386,0.0024849,0.00235,43297.8037838
2017-08-31 03:00:00,0.0025072,0.0024454,0.0025072,0.002421,24509.3314745
2017-08-31 00:00:00,0.002457,0.0024927,0.0025176,0.0023745,42372.6820045
2017-08-30 21:00:00,0.0025278,0.0024433,0.0026121,0.0024275,68042.4322856
2017-08-30 18:00:00,0.0023824,0.0025278,0.0025487,0.0023442,134504.414991
2017-08-30 15:00:00,0.0023406,0.0023794,0.0023998,0.0023149,40791.2702236
2017-08-30 12:00:00,0.0023642,0.0023295,0.0024399,0.0022045,134799.681974
2017-08-30 09:00:00,0.00228,0.0023798,0.0024049,0.0021025,151974.627195
2017-08-30 06:00:00,0.0023731,0.00229,0.0023773,0.002223,66173.9721463
2017-08-30 03:00:00,0.002268,0.0023766,0.0024756,0.0022027,109679.856133
2017-08-30 00:00:00,0.00207,0.002268,0.00235,0.0020601,121403.125119
2017-08-29 21:00:00,0.00206,0.00207,0.002095,0.0020269,36102.0080158
2017-08-29 18:00:00,0.0021058,0.0020699,0.0021098,0.002026,68151.7673756
2017-08-29 15:00:00,0.0019806,0.002107,0.0021277,0.0019751,90162.5486261
2017-08-29 12:00:00,0.00206,0.0019833,0.002115,0.00194,79941.5052277
2017-08-29 09:00:00,0.0020958,0.00206,0.0021857,0.0020281,203721.562586
2017-08-29 06:00:00,0.0020019,0.002079,0.00213,0.001982,101402.593765
2017-08-29 03:00:00,0.0019821,0.0020012,0.0020112,0.0019651,12800.7941092
2017-08-29 00:00:00,0.00198,0.001975,0.0020118,0.001935,19439.2457157
2017-08-28 21:00:00,0.001985,0.0019753,0.0020056,0.0019657,38872.5407406
2017-08-28 18:00:00,0.001945,0.001985,0.0019946,0.0019352,27024.0252586
2017-08-28 15:00:00,0.0019539,0.0019509,0.0020184,0.0019337,35219.7973082
2017-08-28 12:00:00,0.00194,0.0019539,0.0019615,0.0019102,29137.794223
2017-08-28 09:00:00,0.001939,0.001943,0.001943,0.0018829,24312.6255687
2017-08-28 06:00:00,0.0019626,0.0019313,0.0019847,0.0019057,30071.3732911
2017-08-28 03:00:00,0.0020091,0.001955,0.0020355,0.0019253,64749.697302
2017-08-28 00:00:00,0.001919,0.0020326,0.002078,0.001919,80983.0652234
2017-08-27 21:00:00,0.0018941,0.001919,0.001939,0.001871,41893.5691064
2017-08-27 18:00:00,0.0018739,0.0018981,0.0019063,0.0018586,24523.8041725
2017-08-27 15:00:00,0.0018889,0.0018739,0.00189,0.0018508,12682.6881102
2017-08-27 12:00:00,0.0018891,0.0018772,0.0018993,0.001863,16951.1410305
2017-08-27 09:00:00,0.001904,0.001888,0.001904,0.0018636,6960.9805624
2017-08-27 06:00:00,0.0018618,0.001904,0.0019049,0.0018468,11065.8449795
2017-08-27 03:00:00,0.0018791,0.0018487,0.001886,0.0018451,12876.7546852
2017-08-27 00:00:00,0.0019111,0.001879,0.0019256,0.001879,14941.8078305
2017-08-26 21:00:00,0.001881,0.001923,0.0019356,0.0018777,12337.8289995
2017-08-26 18:00:00,0.0019125,0.00188,0.0019234,0.001864,17572.1276098
2017-08-26 15:00:00,0.00188,0.0019343,0.0019394,0.0018583,22137.3870958
2017-08-26 12:00:00,0.001855,0.00188,0.00188,0.001833,18320.9206902
2017-08-26 09:00:00,0.001879,0.001855,0.0018896,0.0018476,10578.0593296
2017-08-26 06:00:00,0.00189,0.0018679,0.0018981,0.0018468,6555.62320702
2017-08-26 03:00:00,0.0018831,0.0018899,0.0018999,0.0018472,18024.6855588
2017-08-26 00:00:00,0.0019019,0.001895,0.0019102,0.0018591,13537.3540693
2017-08-25 21:00:00,0.001916,0.0019031,0.0019218,0.0018827,13020.6817396
2017-08-25 18:00:00,0.0018484,0.0019012,0.001921,0.0018423,18816.8107388
2017-08-25 15:00:00,0.0018636,0.0018484,0.0018718,0.0018217,30458.2419866
2017-08-25 12:00:00,0.0018727,0.0018636,0.001897,0.00184,32248.437337
2017-08-25 09:00:00,0.001897,0.0018732,0.0019055,0.0018582,14986.5806286
2017-08-25 06:00:00,0.0019223,0.001883,0.0019415,0.0018661,17953.7144021
2017-08-25 03:00:00,0.00194,0.001921,0.001957,0.001915,8651.06692599
2017-08-25 00:00:00,0.001945,0.0019407,0.0019525,0.001915,13696.369375
2017-08-24 21:00:00,0.0019684,0.001945,0.0019878,0.001915,26965.3943415
2017-08-24 18:00:00,0.00193,0.001956,0.0019792,0.00193,18638.5228232
2017-08-24 15:00:00,0.0019604,0.00193,0.0019758,0.0019211,10156.9204371
2017-08-24 12:00:00,0.0019909,0.0019538,0.0019989,0.0019526,24730.7427145
2017-08-24 09:00:00,0.0019814,0.001973,0.0019968,0.0019557,16148.0791692
2017-08-24 06:00:00,0.0019764,0.001981,0.001985,0.0019249,18940.1910881
2017-08-24 03:00:00,0.001945,0.0019764,0.0019992,0.001945,15194.2960679
2017-08-24 00:00:00,0.0019969,0.001945,0.0019986,0.0019,41433.2828071
2017-08-23 21:00:00,0.0019561,0.001996,0.002,0.0018908,64433.9453421
2017-08-23 18:00:00,0.0020312,0.0019575,0.00209,0.0018901,133541.928127
2017-08-23 15:00:00,0.00199,0.0020312,0.002049,0.0019517,60563.3354046
2017-08-23 12:00:00,0.0019095,0.00199,0.002039,0.0019074,130607.498411
2017-08-23 09:00:00,0.0018859,0.0019087,0.0019315,0.0018524,39645.4390335
2017-08-23 06:00:00,0.0018847,0.00189,0.0018991,0.0018529,12931.5280261
2017-08-23 03:00:00,0.0019081,0.0018912,0.0019262,0.001845,29010.1417935
2017-08-23 00:00:00,0.0018625,0.0019031,0.001947,0.0018401,47240.8415329
2017-08-22 21:00:00,0.0018714,0.0018609,0.0018869,0.00184,13076.7442224
2017-08-22 18:00:00,0.001889,0.0018612,0.001889,0.0018361,24467.9585133
2017-08-22 15:00:00,0.001932,0.001889,0.00194,0.0018681,32753.2274328
2017-08-22 12:00:00,0.0019627,0.0019331,0.0019627,0.0018881,50299.0561388
2017-08-22 09:00:00,0.001914,0.001967,0.001967,0.0018862,23607.8567766
2017-08-22 06:00:00,0.001925,0.001901,0.0019599,0.001881,21996.8810756
2017-08-22 03:00:00,0.0019299,0.0019175,0.00194,0.001875,36184.4637557
2017-08-22 00:00:00,0.0019256,0.00193,0.0019657,0.0018816,28372.6614711
2017-08-21 21:00:00,0.00197,0.001906,0.0020761,0.0019033,36561.4123319
2017-08-21 18:00:00,0.0019412,0.00197,0.0019771,0.00191,21169.8746182
2017-08-21 15:00:00,0.0018939,0.0019685,0.00199,0.0018822,28449.383546
2017-08-21 12:00:00,0.001877,0.0018953,0.0019083,0.0018252,61639.0835556
2017-08-21 09:00:00,0.0018995,0.00187,0.0019892,0.00184,108905.170289
2017-08-21 06:00:00,0.0019647,0.001895,0.0020195,0.0018321,69118.8778433
2017-08-21 03:00:00,0.0019836,0.001941,0.0021102,0.001941,59618.8551562
2017-08-21 00:00:00,0.0020843,0.0019833,0.0021102,0.0019602,37627.5167349
2017-08-20 21:00:00,0.0020432,0.0020631,0.0021317,0.002014,41088.8650303
2017-08-20 18:00:00,0.0020936,0.0020588,0.0021649,0.002023,74664.0060198
2017-08-20 15:00:00,0.0020096,0.0020743,0.0021325,0.002002,138050.980702
2017-08-20 12:00:00,0.0019329,0.0020096,0.00201,0.0019125,54137.8804647
2017-08-20 09:00:00,0.0019213,0.0019102,0.001933,0.00186,39303.4170708
2017-08-20 06:00:00,0.0018085,0.0019213,0.001925,0.001801,43969.0913246
2017-08-20 03:00:00,0.001816,0.0018085,0.0018323,0.0017675,15613.5641602
2017-08-20 00:00:00,0.0018791,0.0017901,0.0018855,0.0017637,51082.9995982
2017-08-19 21:00:00,0.0018779,0.0018884,0.0019359,0.0018001,55873.8485013
2017-08-19 18:00:00,0.001846,0.001887,0.0019447,0.0017546,112718.690862
2017-08-19 15:00:00,0.0016374,0.0018443,0.0019001,0.0016065,88129.6151292
2017-08-19 12:00:00,0.0016002,0.0016374,0.0017267,0.0015808,87105.1290075
2017-08-19 09:00:00,0.0017421,0.00161,0.0017741,0.0016,38968.3175072
2017-08-19 06:00:00,0.001769,0.0017777,0.0018078,0.0016724,37788.5898261
2017-08-19 03:00:00,0.00183,0.0017796,0.00185,0.0017509,39427.8608634
2017-08-19 00:00:00,0.0017926,0.0018392,0.00187,0.0016895,91533.4857017
2017-08-18 21:00:00,0.0016575,0.0017933,0.00189,0.0014959,138250.307267
2017-08-18 18:00:00,0.001712,0.001651,0.001756,0.001619,76496.2830536
2017-08-18 15:00:00,0.001777,0.00172,0.0017852,0.0016897,36218.424629
2017-08-18 12:00:00,0.0018811,0.0017773,0.001888,0.0017137,38807.978953
2017-08-18 09:00:00,0.00178,0.0018811,0.0019385,0.001725,38191.6608818
2017-08-18 06:00:00,0.00183,0.0017787,0.0018729,0.001645,118953.518623
2017-08-18 03:00:00,0.0019169,0.00183,0.001948,0.0018,67207.0258353
2017-08-18 00:00:00,0.00196,0.0019124,0.0019923,0.0018736,50650.7933374
2017-08-17 21:00:00,0.0020166,0.00196,0.0020463,0.0019222,43688.0482352
2017-08-17 18:00:00,0.002015,0.002,0.0020477,0.001951,21953.9621906
2017-08-17 15:00:00,0.0019284,0.002015,0.00206,0.0018713,48023.8061948
2017-08-17 12:00:00,0.001944,0.001927,0.0020291,0.00185,205337.214552
2017-08-17 09:00:00,0.002094,0.001944,0.0021351,0.00192,139232.455748
2017-08-17 06:00:00,0.0021695,0.0020993,0.0021905,0.00206,39446.8591005
2017-08-17 03:00:00,0.0020833,0.0021695,0.002232,0.0020501,124088.012459
2017-08-17 00:00:00,0.0020255,0.0020664,0.0021138,0.00191,105384.139343
2017-08-16 21:00:00,0.00208,0.0020258,0.0021141,0.00198,171820.320329
2017-08-16 18:00:00,0.001985,0.00208,0.002105,0.00193,86063.2737745
2017-08-16 15:00:00,0.002012,0.001985,0.0020171,0.00183,107836.976799
2017-08-16 12:00:00,0.0019891,0.002012,0.0021282,0.0019663,202727.65324
2017-08-16 09:00:00,0.001885,0.001966,0.0020527,0.0018801,56527.3994389
2017-08-16 06:00:00,0.0019399,0.001885,0.002135,0.0018621,225056.778571
2017-08-16 03:00:00,0.0017551,0.0019389,0.0019389,0.0016782,320233.764769
2017-08-16 00:00:00,0.0016196,0.0017289,0.0017573,0.0016025,66333.9677774
2017-08-15 21:00:00,0.0016514,0.001632,0.00167,0.001584,23380.3655063
2017-08-15 18:00:00,0.0016322,0.00166,0.0016978,0.001598,45763.7129217
2017-08-15 15:00:00,0.0016354,0.0016172,0.001695,0.0015653,61037.2292402
2017-08-15 12:00:00,0.00155,0.0016365,0.001678,0.0015275,76781.4096862
2017-08-15 09:00:00,0.00159,0.00155,0.0016751,0.0015251,74763.9187548
2017-08-15 06:00:00,0.0014776,0.00159,0.0015989,0.0014776,51512.7679558
2017-08-15 03:00:00,0.001506,0.001476,0.0015582,0.001412,84367.6315598
2017-08-15 00:00:00,0.00162,0.001506,0.0016465,0.0015,73234.5887291
2017-08-14 21:00:00,0.00163,0.00162,0.0017633,0.0015865,101107.714903
2017-08-14 18:00:00,0.00155,0.00163,0.001645,0.00151,59346.2893427
2017-08-14 15:00:00,0.00155,0.00155,0.0015795,0.001485,67199.3855403
2017-08-14 12:00:00,0.0016431,0.00155,0.0016589,0.0014562,160845.024696
2017-08-14 09:00:00,0.0016295,0.0016645,0.0016652,0.0015,73657.5317071
2017-08-14 06:00:00,0.0017291,0.0016299,0.0017522,0.0016103,38681.7697031
2017-08-14 03:00:00,0.00171,0.0017196,0.0017391,0.0016361,46898.3190448
2017-08-14 00:00:00,0.0016944,0.0017206,0.0017706,0.001684,32653.7401511
2017-08-13 21:00:00,0.0017717,0.0016964,0.0018037,0.00167,53915.2871252
2017-08-13 18:00:00,0.001675,0.0017721,0.00186,0.001642,185497.374302
2017-08-13 15:00:00,0.0015711,0.0016608,0.0017233,0.0014932,95718.0328122
2017-08-13 12:00:00,0.001592,0.001571,0.001801,0.001522,269809.412692
2017-08-13 09:00:00,0.0014589,0.0015992,0.001666,0.0014101,79015.8678048
2017-08-13 06:00:00,0.0013819,0.0014776,0.0014994,0.0013602,99216.1746324
2017-08-13 03:00:00,0.00148,0.001382,0.00148,0.0013511,73479.6258665
2017-08-13 00:00:00,0.0016087,0.001511,0.00162,0.0013043,206322.79907
2017-08-12 21:00:00,0.00171,0.001587,0.001724,0.001565,71988.7362941
2017-08-12 18:00:00,0.001671,0.00171,0.001733,0.001493,143660.27873
2017-08-12 15:00:00,0.0017,0.0016523,0.00176,0.0016043,83997.1186664
2017-08-12 12:00:00,0.0018,0.0016781,0.001801,0.00165,95725.7847362
2017-08-12 09:00:00,0.0017991,0.001801,0.0019273,0.0017258,75081.6147302
2017-08-12 06:00:00,0.001906,0.0017999,0.001915,0.0016112,182184.705553
2017-08-12 03:00:00,0.00204,0.001907,0.002058,0.001902,50157.7778528
2017-08-12 00:00:00,0.0019959,0.00204,0.0020787,0.0019041,45000.6446946
2017-08-11 21:00:00,0.00203,0.001996,0.0020698,0.001816,117692.350783
2017-08-11 18:00:00,0.0019789,0.002029,0.0021,0.00195,135292.851212
2017-08-11 15:00:00,0.0019964,0.0019792,0.0020299,0.00184,244180.932455
2017-08-11 12:00:00,0.0017255,0.001925,0.002189,0.0017255,445825.188287
2017-08-11 09:00:00,0.00173,0.001721,0.0017489,0.00164,68481.6717706
2017-08-11 06:00:00,0.001674,0.0017395,0.0017798,0.0016402,91510.9190298
2017-08-11 03:00:00,0.001759,0.001674,0.0017869,0.0015875,149834.842937
2017-08-11 00:00:00,0.0017467,0.00179,0.0018415,0.0015605,133216.923738
2017-08-10 21:00:00,0.00174,0.0017429,0.0018799,0.001707,276758.568405
2017-08-10 18:00:00,0.0018191,0.0017498,0.0019,0.0016351,481018.337103
2017-08-10 15:00:00,0.001577,0.0018194,0.00182,0.001481,241525.170368
2017-08-10 12:00:00,0.001415,0.001577,0.00167,0.001313,345695.98113
2017-08-10 09:00:00,0.00128,0.001417,0.0015603,0.001278,254963.58682
2017-08-10 06:00:00,0.001185,0.0012781,0.0013275,0.0011711,355799.90356
2017-08-10 03:00:00,0.0010528,0.001185,0.0011929,0.001041,268340.979147
2017-08-10 00:00:00,0.001021,0.0010257,0.0010597,0.00101,27315.3107065
2017-08-09 21:00:00,0.00103,0.001028,0.0010644,0.001002,18707.5344961
2017-08-09 18:00:00,0.001034,0.001029,0.0010647,0.0010286,41369.5776001
2017-08-09 15:00:00,0.0010038,0.0010418,0.00105,0.0009937,42170.3300167
2017-08-09 12:00:00,0.0010099,0.0010014,0.0010312,0.00099,9293.8646087
2017-08-09 09:00:00,0.001044,0.0010192,0.001044,0.00098601,31320.1201951
2017-08-09 06:00:00,0.00103,0.001044,0.0010731,0.0010175,20809.0167948
2017-08-09 03:00:00,0.0010639,0.0010306,0.0010639,0.001,48043.3042374
2017-08-09 00:00:00,0.00107,0.0010566,0.0010957,0.0010451,31972.9412167
2017-08-08 21:00:00,0.0010669,0.0010813,0.0011223,0.0010207,83696.1954875
2017-08-08 18:00:00,0.0010332,0.0010786,0.001106,0.0010234,153828.087281
2017-08-08 15:00:00,0.000999,0.001025,0.0010398,0.000995,59719.8505276
2017-08-08 12:00:00,0.0010398,0.00099688,0.0010509,0.00097,76680.0855752
2017-08-08 09:00:00,0.0008999,0.0010396,0.0010396,0.00089,71188.6555915
2017-08-08 06:00:00,0.0009193,0.0008999,0.0009597,0.0008942,37490.641411
2017-08-08 03:00:00,0.0009469,0.0009193,0.0009593,0.00087803,31734.3525268
2017-08-08 00:00:00,0.0009001,0.0009448,0.00095965,0.0009,11160.2859875
2017-08-07 21:00:00,0.00088112,0.0009001,0.00095371,0.0008655,71007.6000886
2017-08-07 18:00:00,0.00087,0.00088004,0.0009299,0.0008288,43324.8237619
2017-08-07 15:00:00,0.00088212,0.0008765,0.0009198,0.00085211,27792.1392744
2017-08-07 12:00:00,0.0009388,0.000888,0.0009388,0.00082923,115478.622763
2017-08-07 09:00:00,0.000935,0.000917,0.0009599,0.00090004,20281.0581043
2017-08-07 06:00:00,0.00089915,0.00094,0.0010079,0.000881,44493.363153
2017-08-07 03:00:00,0.0009369,0.00089914,0.0009369,0.00085534,19891.0613622
2017-08-07 00:00:00,0.00084044,0.0009434,0.00096086,0.00080002,62608.6032996
2017-08-06 21:00:00,0.00092078,0.00084035,0.00092987,0.000777,369354.525362
2017-08-06 18:00:00,0.0009336,0.00090971,0.00096499,0.00090971,36687.1895834
2017-08-06 15:00:00,0.00096453,0.000925,0.00098119,0.00092,53852.8306755
2017-08-06 12:00:00,0.00093987,0.00096454,0.001,0.0009,43551.2988381
2017-08-06 09:00:00,0.00097478,0.00093995,0.00098484,0.0009051,31552.9477861
2017-08-06 06:00:00,0.000985,0.0009745,0.0010198,0.000933,32953.5513462
2017-08-06 03:00:00,0.0010399,0.00098,0.00105,0.00093101,36705.0034626
2017-08-06 00:00:00,0.00111,0.0010398,0.0011277,0.00095,120644.4841
2017-08-05 21:00:00,0.001055,0.0011179,0.0011518,0.001026,73710.0301073
2017-08-05 18:00:00,0.00088975,0.001051,0.0010973,0.00088181,251333.02613
2017-08-05 15:00:00,0.0008669,0.00089578,0.00094133,0.0008669,47802.4222334
2017-08-05 12:00:00,0.00088569,0.0008614,0.0009189,0.0008245,87180.2843297
2017-08-05 09:00:00,0.00086579,0.00087007,0.00097327,0.0008269,97804.5866189
2017-08-05 06:00:00,0.0010744,0.00086579,0.0011094,0.00066859,744832.958449
2017-08-05 03:00:00,0.0011192,0.001069,0.0012899,0.001035,263171.592635
2017-08-05 00:00:00,0.000986,0.0011,0.0012785,0.0009674,428110.345588
2017-08-04 21:00:00,0.000899,0.00098825,0.001007,0.000899,73836.1455808
2017-08-04 18:00:00,0.00087,0.00089899,0.00090047,0.00087,130340.223874
2017-08-04 15:00:00,0.000905,0.00087912,0.001,0.00084166,340731.987187
2017-08-04 12:00:00,0.00091393,0.0009,0.001245,0.00085995,338894.859466
2017-08-04 09:00:00,0.00095895,0.0009442,0.0009785,0.0008104,164873.415783
2017-08-04 06:00:00,0.0007695,0.00091946,0.001,0.0007436,108017.080197
2017-08-04 03:00:00,0.00076993,0.00078,0.00087,0.00074731,54491.5242162
2017-08-04 00:00:00,0.00069999,0.000755,0.00082,0.00067032,119599.970304
2017-08-03 21:00:00,0.0007,0.00069999,0.000716,0.00067,43222.9920788
2017-08-03 18:00:00,0.00068,0.0007,0.00071943,0.00066212,74078.3248432
2017-08-03 15:00:00,0.0006923,0.00068997,0.0007483,0.00068,87072.1918815
2017-08-03 12:00:00,0.00061499,0.0006923,0.00074367,0.00061497,132053.355315
2017-08-03 09:00:00,0.00059997,0.00061,0.00062069,0.000575,59786.6414811
2017-08-03 06:00:00,0.00058999,0.00059,0.00062,0.0005612,22210.5415458
2017-08-03 03:00:00,0.0005291,0.0005915,0.00067008,0.000521,93390.3045939
2017-08-03 00:00:00,0.0005056,0.00052909,0.00052909,0.0004926,31729.1488825
2017-08-02 21:00:00,0.00049661,0.00051778,0.00052189,0.00048884,107983.086063
2017-08-02 18:00:00,0.000493,0.00049565,0.000497,0.0004858,10521.2181313
2017-08-02 15:00:00,0.00049023,0.000493,0.0004945,0.00048056,11337.5715875
2017-08-02 12:00:00,0.00049113,0.00047724,0.000496,0.000475,51127.9581744
2017-08-02 09:00:00,0.00049482,0.000491,0.00050474,0.0004887,11275.8681823
2017-08-02 06:00:00,0.00049,0.0004887,0.0004996,0.00048797,13905.0423795
2017-08-02 03:00:00,0.00047501,0.0004909,0.0005048,0.000475,38477.6213936
2017-08-02 00:00:00,0.000493,0.00048789,0.00049311,0.0004701,96631.7647699
2017-08-01 21:00:00,0.00049466,0.000487,0.000506,0.00048034,38818.0938413
2017-08-01 18:00:00,0.000483,0.00049469,0.00050829,0.000477,77920.8800093
2017-08-01 15:00:00,0.00047989,0.00048444,0.00050059,0.00046946,19851.6578741
2017-08-01 12:00:00,0.0004312,0.0004801,0.00051,0.0004278,70685.7871756
2017-08-01 09:00:00,0.00044058,0.0004312,0.0004571,0.000431,11917.5366857
2017-08-01 06:00:00,0.000442,0.0004574,0.00045963,0.00044044,11625.0882534
2017-08-01 03:00:00,0.00043889,0.0004579,0.000458,0.0004377,7193.20321333
2017-08-01 00:00:00,0.0004267,0.00044806,0.00045,0.00042229,9341.65977569
2017-07-31 21:00:00,0.00041307,0.00042203,0.00042807,0.0004052,9086.0602079
2017-07-31 18:00:00,0.000445,0.00041978,0.00044987,0.00041331,45791.3614007
2017-07-31 15:00:00,0.000423,0.000445,0.0004499,0.000423,38292.5101864
2017-07-31 12:00:00,0.00042701,0.000423,0.00042701,0.00039999,180029.103342
2017-07-31 09:00:00,0.00044489,0.00042701,0.0004522,0.0004161,49252.0958772
2017-07-31 06:00:00,0.00044456,0.00044419,0.00044951,0.0004161,13312.0734935
2017-07-31 03:00:00,0.00045047,0.00044931,0.00045096,0.00043575,5877.82792388
2017-07-31 00:00:00,0.00044356,0.00045221,0.00045221,0.00043961,2856.28489881
2017-07-30 21:00:00,0.0004629,0.00042638,0.0004629,0.00042638,7964.01293087
2017-07-30 18:00:00,0.00045179,0.00046324,0.00046324,0.0004311,20585.8642137
2017-07-30 15:00:00,0.000454,0.000445,0.00046279,0.000445,34213.4627251
2017-07-30 12:00:00,0.0004615,0.0004557,0.0004659,0.0004546,24708.361968
2017-07-30 09:00:00,0.000466,0.0004546,0.000466,0.0004546,36997.7078571
2017-07-30 06:00:00,0.00045196,0.000466,0.000466,0.00044782,21705.1900301
2017-07-30 03:00:00,0.00045749,0.00045157,0.00046576,0.00044351,14773.3660061
2017-07-30 00:00:00,0.00047365,0.00046359,0.00049003,0.00044979,9216.12545073
2017-07-29 21:00:00,0.00045747,0.00047366,0.000479,0.00044511,3610.55373902
2017-07-29 18:00:00,0.00043,0.0004651,0.00046539,0.000426,27631.7051972
2017-07-29 15:00:00,0.00043,0.00043012,0.00043843,0.00041885,6578.53551043
2017-07-29 12:00:00,0.00043016,0.000431,0.00044279,0.00041701,11604.5187636
2017-07-29 09:00:00,0.00041681,0.000428,0.0004335,0.0004127,37645.5161092
2017-07-29 06:00:00,0.00041977,0.00041977,0.00041977,0.000415,11337.2437815
2017-07-29 03:00:00,0.00041,0.00041977,0.00042,0.00040931,3772.84689552
2017-07-29 00:00:00,0.0004257,0.0004197,0.00042718,0.0004001,20472.3780424
2017-07-28 21:00:00,0.0004297,0.00042759,0.00043029,0.00041691,5705.64703738
2017-07-28 18:00:00,0.00044564,0.0004298,0.00044576,0.00039172,106540.246766
2017-07-28 15:00:00,0.00044695,0.00044649,0.00046679,0.00043151,6264.83274178
2017-07-28 12:00:00,0.00043,0.00045016,0.00045809,0.00042,40729.5209336
2017-07-28 09:00:00,0.00046251,0.00043143,0.00046289,0.00043,32771.9831747
2017-07-28 06:00:00,0.00049198,0.0004621,0.00049334,0.0004565,24087.7176493
2017-07-28 03:00:00,0.00049196,0.000487,0.000499,0.00047291,10118.0678976
2017-07-28 00:00:00,0.00051012,0.00049196,0.00052069,0.0004769,80931.9112383
2017-07-27 21:00:00,0.00052185,0.0005156,0.00052944,0.0005025,16167.5417449
2017-07-27 18:00:00,0.000511,0.00051311,0.00052198,0.00050112,45068.3326878
2017-07-27 15:00:00,0.000511,0.000511,0.00052055,0.00050009,6392.40270343
2017-07-27 12:00:00,0.000523,0.000511,0.00053058,0.0005,129153.052112
2017-07-27 09:00:00,0.00053229,0.000523,0.0005412,0.0005059,23050.3216293
2017-07-27 06:00:00,0.0005286,0.00053412,0.00053768,0.00051156,17313.4792625
2017-07-27 03:00:00,0.00047751,0.00053475,0.00053475,0.00047431,25345.2677945
2017-07-27 00:00:00,0.000472,0.00047751,0.00048274,0.0004669,2931.4242596
2017-07-26 21:00:00,0.0004799,0.00047869,0.000485,0.000472,9838.54651727
2017-07-26 18:00:00,0.0004733,0.0004799,0.0004799,0.00046183,27750.4695712
2017-07-26 15:00:00,0.000474,0.0004716,0.000474,0.00045622,5238.67374537
2017-07-26 12:00:00,0.0004765,0.000474,0.00048,0.0004618,19360.0624481
2017-07-26 09:00:00,0.00045729,0.0004799,0.0004799,0.00045581,10982.5876074
2017-07-26 06:00:00,0.00048509,0.0004575,0.0004887,0.000415,264265.812249
2017-07-26 03:00:00,0.00048968,0.00047071,0.00050185,0.00047071,4802.04720771
2017-07-26 00:00:00,0.00048041,0.00050231,0.00050775,0.00046887,16539.1284586
2017-07-25 21:00:00,0.00046104,0.00047521,0.00049499,0.0004451,92466.6411147
2017-07-25 18:00:00,0.00049683,0.00044508,0.00049952,0.0004329,109966.331307
2017-07-25 15:00:00,0.00048634,0.00049701,0.0005108,0.00047501,15480.1032258
2017-07-25 12:00:00,0.00045002,0.00048613,0.00051768,0.00045,35842.2504651
2017-07-25 09:00:00,0.00050001,0.00045,0.00051297,0.00045,41618.2495897
2017-07-25 06:00:00,0.00053419,0.00050001,0.00053768,0.0004852,50222.6265025
2017-07-25 03:00:00,0.00052887,0.00052731,0.00053143,0.00051113,10942.1670731
2017-07-25 00:00:00,0.00056493,0.00053355,0.00056494,0.00050035,30646.8622855
2017-07-24 21:00:00,0.00055,0.00055,0.00057899,0.000537,32249.5779752
2017-07-24 18:00:00,0.00054156,0.00055,0.00055,0.00052283,19287.7785827
2017-07-24 15:00:00,0.00049571,0.0005416,0.00054999,0.00048,36971.499095
2017-07-24 12:00:00,0.00051131,0.00049595,0.00053494,0.00049,91465.3766722
2017-07-24 09:00:00,0.00048862,0.00052009,0.00056807,0.00048862,32577.5930463
2017-07-24 06:00:00,0.00052588,0.00048935,0.00052589,0.0004602,51701.0430329
2017-07-24 03:00:00,0.00057267,0.00052728,0.00057996,0.00051701,97803.9828343
2017-07-24 00:00:00,0.00055663,0.00057284,0.0005757,0.00049211,80863.5130685
2017-07-23 21:00:00,0.0004386,0.00053071,0.0005876,0.00043372,178423.753359
2017-07-23 18:00:00,0.00041958,0.0004384,0.0005335,0.00040443,114981.336528
2017-07-23 15:00:00,0.00035773,0.00041101,0.00042004,0.00035773,159585.265837
2017-07-23 12:00:00,0.0003179,0.0003654,0.00036648,0.00031533,123991.179874
2017-07-23 09:00:00,0.0003256,0.00032179,0.00033348,0.0003159,101883.397176
2017-07-23 06:00:00,0.00032221,0.0003342,0.00034719,0.0003164,149693.849501
2017-07-23 03:00:00,0.00034549,0.00032221,0.00034559,0.0003098,132077.21172
2017-07-23 00:00:00,0.00030898,0.00034596,0.00034838,0.0002931,129047.797889
2017-07-22 21:00:00,0.00028641,0.00030898,0.00030898,0.000285,68697.8706931
2017-07-22 18:00:00,0.0002823,0.00029078,0.00029078,0.00027177,32793.3485175
2017-07-22 15:00:00,0.00029049,0.0002824,0.0002933,0.0002821,11965.208969
2017-07-22 12:00:00,0.00028127,0.00029089,0.00029142,0.0002758,63550.8283943
2017-07-22 09:00:00,0.000291,0.00028,0.000299,0.00027765,14933.535496
2017-07-22 06:00:00,0.00030251,0.000291,0.00030977,0.00029,64099.7366474
2017-07-22 03:00:00,0.00029588,0.000301,0.00031199,0.0002907,93327.8591116
2017-07-22 00:00:00,0.00027681,0.00029312,0.00030418,0.0002754,32977.7637055
2017-07-21 21:00:00,0.00028358,0.00028087,0.00028799,0.00027799,34591.3372641
2017-07-21 18:00:00,0.00028,0.0002781,0.0002988,0.00027426,33746.052589
2017-07-21 15:00:00,0.0002675,0.00027896,0.00027896,0.0002646,14624.0512576
2017-07-21 12:00:00,0.00025756,0.00026672,0.0002708,0.0002517,21687.4426477
2017-07-21 09:00:00,0.0002667,0.00025158,0.00026717,0.00024941,16903.3166936
2017-07-21 06:00:00,0.00025584,0.00026879,0.00027649,0.00025584,24007.3113346
2017-07-21 03:00:00,0.00025001,0.00025533,0.000267,0.00025001,10496.3865677
2017-07-21 00:00:00,0.00022733,0.00025062,0.00025564,0.00022732,19199.4293259
2017-07-20 21:00:00,0.00025947,0.0002304,0.00026269,0.00021949,53765.2009207
2017-07-20 18:00:00,0.00025001,0.00025932,0.0002657,0.00025,37055.867745
2017-07-20 15:00:00,0.00026771,0.00025552,0.0002748,0.00024,130770.852836
2017-07-20 12:00:00,0.00028505,0.0002655,0.00028689,0.00026492,40639.4460429
2017-07-20 09:00:00,0.00027705,0.0002765,0.00028641,0.0002686,31102.3433237
2017-07-20 06:00:00,0.00025979,0.0002752,0.0002799,0.00025899,21234.0900125
2017-07-20 03:00:00,0.00028012,0.00025951,0.00028629,0.0002534,47852.2095502
2017-07-20 00:00:00,0.00025979,0.00027973,0.00028949,0.00025979,26067.3649353
2017-07-19 21:00:00,0.00027176,0.00025949,0.00027422,0.00025,44840.4401009
2017-07-19 18:00:00,0.0002838,0.000273,0.00029316,0.0002559,31053.0463128
2017-07-19 15:00:00,0.00028529,0.00028249,0.00028979,0.0002701,136424.396699
2017-07-19 12:00:00,0.00029711,0.000286,0.00030189,0.00027791,121055.25331
2017-07-19 09:00:00,0.00029945,0.0002971,0.0003187,0.0002958,91490.5188067
2017-07-19 06:00:00,0.00031387,0.00030061,0.0003214,0.00029918,53448.5620955
2017-07-19 03:00:00,0.00033545,0.00031575,0.00033848,0.0002902,290161.38444
2017-07-19 00:00:00,0.0003308,0.00033545,0.0003593,0.00032542,141410.223816
2017-07-18 21:00:00,0.0003261,0.0003309,0.00034822,0.0003051,150857.450666
2017-07-18 18:00:00,0.00034753,0.00032934,0.0003653,0.000326,105106.060432
2017-07-18 15:00:00,0.0003805,0.00035001,0.0003829,0.0003221,235211.09517
2017-07-18 12:00:00,0.000304,0.00038049,0.0003927,0.00030301,256160.544264
2017-07-18 09:00:00,0.00033159,0.00030301,0.00033998,0.0002958,163318.821478
2017-07-18 06:00:00,0.00030602,0.00033167,0.00036501,0.000305,178967.288556
2017-07-18 03:00:00,0.00027111,0.000306,0.0003099,0.000271,65682.2387407
2017-07-18 00:00:00,0.000262,0.00027299,0.0002733,0.000252,54994.2302856
2017-07-17 21:00:00,0.00026945,0.00026352,0.00026975,0.00026,57399.6199767
2017-07-17 18:00:00,0.0002602,0.00026969,0.00027,0.0002501,72035.8918129
2017-07-17 15:00:00,0.000252,0.0002602,0.0002824,0.00025021,134539.403792
