MTS,OPEN,CLOSE,HIGH,LOW,VOLUME
2017-11-18,0.0009983,0.00107,0.0011349,0.000975,327377.26198
2017-11-17,0.00091214,0.00099231,0.0010147,0.00088854,283276.158536
2017-11-16,0.0010627,0.00091213,0.001067,0.0009005,270179.517081
2017-11-15,0.001195,0.0010622,0.0011953,0.0010063,306920.32101
2017-11-14,0.0011642,0.0011914,0.0011979,0.001119,252548.423471
2017-11-13,0.0011287,0.0011645,0.0012349,0.0011061,463110.756891
2017-11-12,0.0011536,0.001123,0.00116,0.0010546,504922.484665
2017-11-11,0.0010674,0.0011482,0.001159,0.00105,345810.004518
2017-11-10,0.0011253,0.0010653,0.0011328,0.0010273,567073.741278
2017-11-09,0.0010227,0.001126,0.0012,0.0010198,643097.943922
2017-11-08,0.00089149,0.0010245,0.00112,0.00086093,1122454.3191
2017-11-07,0.00093379,0.00088739,0.000944,0.00087032,282159.091141
2017-11-06,0.00084622,0.00094136,0.00096744,0.00084031,427069.873747
2017-11-05,0.0008754,0.00084906,0.0008889,0.0008144,207061.155617
2017-11-04,0.00093904,0.000875,0.000973,0.0008516,284689.265794
2017-11-03,0.00088829,0.00094578,0.0009588,0.00083114,391440.059773
2017-11-02,0.0008969,0.00088684,0.00099,0.0008,980753.361366
2017-11-01,0.0010575,0.0008972,0.001091,0.00089473,573136.549029
2017-10-31,0.0011834,0.0010582,0.0011951,0.0010573,237122.765734
2017-10-30,0.0011824,0.001176,0.00121,0.0011663,135064.797379
2017-10-29,0.0012482,0.0011803,0.001285,0.001133,262636.227232
2017-10-28,0.0012939,0.0012525,0.0012997,0.0012402,219408.884185
2017-10-27,0.0012896,0.0013,0.001397,0.0012519,275375.250552
2017-10-26,0.00133,0.0012983,0.001365,0.0012561,241909.49778
2017-10-25,0.001475,0.0013303,0.001475,0.0013303,207816.653611
2017-10-24,0.0012985,0.001475,0.0015486,0.0012842,748984.086379
2017-10-23,0.0012786,0.0012971,0.0013087,0.00121,370214.609414
2017-10-22,0.001227,0.0012834,0.0013346,0.0012201,253454.261662
2017-10-21,0.0012126,0.001227,0.0012437,0.0011241,330691.970756
2017-10-20,0.0013741,0.0012116,0.0013769,0.0011925,376785.845684
2017-10-19,0.0013974,0.0013741,0.0014258,0.0013521,157207.733152
2017-10-18,0.0014253,0.001396,0.0015281,0.0013919,226541.981774
2017-10-17,0.0013578,0.0014254,0.0014863,0.0013507,227881.050525
2017-10-16,0.0013969,0.001355,0.0014216,0.0013499,142514.338465
2017-10-15,0.0013837,0.0013969,0.0015,0.0013201,316529.438583
2017-10-14,0.0014693,0.001378,0.0014958,0.0013621,210390.158953
2017-10-13,0.001509,0.001475,0.0015646,0.0013759,468991.467051
2017-10-12,0.0019253,0.001509,0.0019718,0.0015,682665.481902
2017-10-11,0.0017023,0.0019272,0.0019911,0.0017023,582343.696032
2017-10-10,0.0015748,0.0017023,0.0017599,0.0014882,284667.475722
2017-10-09,0.0016723,0.0015564,0.0017672,0.0014369,362657.800977
2017-10-08,0.0019221,0.0016722,0.0019329,0.0016447,198710.767181
2017-10-07,0.001979,0.0019187,0.0019873,0.0018699,177775.912624
2017-10-06,0.0020288,0.0019757,0.0020481,0.0019533,86866.9677033
2017-10-05,0.0020561,0.0020288,0.0020899,0.001972,102800.949401
2017-10-04,0.0021467,0.00205,0.0021513,0.0020313,260540.474704
2017-10-03,0.0020927,0.0021467,0.0021862,0.0019801,278012.08962
2017-10-02,0.0022251,0.0020932,0.0022639,0.0020493,320687.843022
2017-10-01,0.002332,0.0022251,0.0023321,0.0021755,150396.649087
2017-09-30,0.0023207,0.002331,0.0023946,0.0023,126421.702425
2017-09-29,0.0024975,0.00233,0.0025334,0.002207,245214.882229
2017-09-28,0.0024659,0.00249,0.0027206,0.0024017,375038.089099
2017-09-27,0.002512,0.0024669,0.0025496,0.0024146,132585.530274
2017-09-26,0.0025651,0.002522,0.0025952,0.0024845,97920.4913118
2017-09-25,0.0023472,0.0025408,0.0026322,0.0023332,215809.113805
2017-09-24,0.0023861,0.0023548,0.0024234,0.0023108,67162.6508835
2017-09-23,0.0023785,0.0023876,0.0024698,0.0023144,184410.990918
2017-09-22,0.0022459,0.0023988,0.0024281,0.0022066,233163.898829
2017-09-21,0.002338,0.002236,0.0024502,0.002124,302319.959285
2017-09-20,0.0025335,0.0023448,0.0025571,0.0023147,297578.191595
2017-09-19,0.0027,0.0025335,0.0027139,0.0024699,138254.071579
2017-09-18,0.002684,0.0027098,0.0028095,0.0026655,215091.590631
2017-09-17,0.0027124,0.0026841,0.0027647,0.0025547,180385.916847
2017-09-16,0.0027168,0.002695,0.0027899,0.002619,241603.149726
2017-09-15,0.0025163,0.0027194,0.002815,0.0021993,578324.832637
2017-09-14,0.0027463,0.0025164,0.0028373,0.0022,827462.224629
2017-09-13,0.0028,0.00273,0.0028253,0.00249,406544.055955
2017-09-12,0.0027087,0.0027989,0.0032799,0.0027,664732.558687
2017-09-11,0.0027025,0.0027024,0.0027759,0.0026591,333934.626716
2017-09-10,0.00286,0.0027048,0.0028895,0.0026473,447354.991723
2017-09-09,0.002667,0.00286,0.0029117,0.002581,392144.777554
2017-09-08,0.0028076,0.002667,0.0028742,0.0024276,503373.752105
2017-09-07,0.0025284,0.0028072,0.002951,0.0023,767357.885382
2017-09-06,0.002519,0.0025337,0.00264,0.0023587,525743.627559
2017-09-05,0.002104,0.0025199,0.00258,0.00195,465247.848292
2017-09-04,0.0023497,0.0021064,0.0023497,0.0016728,1118884.99862
2017-09-03,0.0023676,0.00233,0.0024385,0.0021825,256725.544844
2017-09-02,0.0024535,0.0023676,0.0024658,0.0021711,417040.288192
2017-09-01,0.002501,0.0024599,0.00267,0.0024239,464224.625134
2017-08-31,0.002457,0.002501,0.002572,0.00231,418416.458743
2017-08-30,0.00207,0.0024433,0.0026121,0.0020601,827369.380068
2017-08-29,0.00198,0.00207,0.0021857,0.001935,611722.025421
2017-08-28,0.001919,0.0019753,0.002078,0.0018829,330370.918916
2017-08-27,0.0019111,0.001919,0.001939,0.0018451,141896.590477
2017-08-26,0.0019019,0.001923,0.0019394,0.001833,119063.98656
2017-08-25,0.001945,0.0019031,0.001957,0.0018217,149831.903134
2017-08-24,0.0019969,0.001945,0.0019992,0.0019,172207.429449
2017-08-23,0.0018625,0.001996,0.00209,0.0018401,517974.65767
2017-08-22,0.0019256,0.0018609,0.001967,0.0018361,230758.849386
2017-08-21,0.0020843,0.001906,0.0021102,0.0018252,423090.174075
2017-08-20,0.0018791,0.0020631,0.0021649,0.0017637,457910.804371
2017-08-19,0.0017926,0.0018884,0.0019447,0.0015808,551545.537398
2017-08-18,0.00196,0.0017933,0.0019923,0.0014959,564775.99258
2017-08-17,0.0020255,0.00196,0.002232,0.00185,727154.497823
2017-08-16,0.0016196,0.0020258,0.002135,0.0016025,1236600.1347
2017-08-15,0.00162,0.001632,0.0016978,0.001412,490841.624354
2017-08-14,0.0016944,0.00162,0.0017706,0.0014562,580389.775088
2017-08-13,0.0016087,0.0016964,0.00186,0.0013043,1062974.57431
2017-08-12,0.0019959,0.001587,0.0020787,0.001493,747796.661258
2017-08-11,0.0017467,0.001996,0.002189,0.0015605,1386035.68021
2017-08-10,0.001021,0.0017429,0.0019,0.00101,2251417.83724
2017-08-09,0.00107,0.001028,0.0010957,0.00098601,243686.689166
2017-08-08,0.0009001,0.0010813,0.0011223,0.00087803,525498.154388
2017-08-07,0.00084044,0.0009001,0.0010079,0.00080002,404877.271807
2017-08-06,0.00111,0.00084035,0.0011277,0.000777,725301.831153
2017-08-05,0.000986,0.0011179,0.0012899,0.00066859,1993945.24609
2017-08-04,0.00069999,0.00098825,0.001245,0.00067032,1330785.20661
2017-08-03,0.0005056,0.00069999,0.0007483,0.0004926,543543.500622
2017-08-02,0.000493,0.00051778,0.00052189,0.0004701,341260.130682
2017-08-01,0.0004267,0.000487,0.00051,0.00042229,247353.906828
2017-07-31,0.00044356,0.00042203,0.00045221,0.00039999,344497.31733
2017-07-30,0.00047365,0.00042638,0.00049003,0.00042638,170164.091182
2017-07-29,0.0004257,0.00047366,0.000479,0.0004001,122653.298039
2017-07-28,0.00051012,0.00042759,0.00052069,0.00039172,307149.927439
2017-07-27,0.000472,0.0005156,0.0005412,0.0004669,265421.822194
2017-07-26,0.00048041,0.00047869,0.00050775,0.000415,358777.327805
2017-07-25,0.00056493,0.00047521,0.00056494,0.0004329,387185.231563
2017-07-24,0.00055663,0.00055,0.00057996,0.0004602,442920.364307
2017-07-23,0.00030898,0.00053071,0.0005876,0.0002931,1089683.79189
2017-07-22,0.00027681,0.00030898,0.00031199,0.00027177,382346.151534
2017-07-21,0.00022733,0.00028087,0.0002988,0.00022732,175255.32768
2017-07-20,0.00025979,0.0002304,0.00028949,0.00021949,388487.375366
2017-07-19,0.0003308,0.00025949,0.0003593,0.00025,909883.825581
2017-07-18,0.000262,0.0003309,0.0003927,0.000252,1210297.72959
2017-07-17,0.00019665,0.00026352,0.0002824,0.0001933,1100636.81187
2017-07-16,0.00021632,0.00019665,0.0002655,0.0001689,1329016.17017
2017-07-15,0.00024999,0.0002155,0.0002918,0.00020511,685046.34569
2017-07-14,9e-05,0.00025,0.00038,8.64e-05,178550.409137
